#cores,StencilSEQ,StencilCUDA,StencilCudaCpu,StencilCudaHybrid3
4,1,0.574602610983093,0.529354121419099,1.05748823343455
5,1,0.574602610983093,0.687367396025664,1.34440653266373
6,1,0.574602610983093,0.859317637967271,1.34458745535635
7,1,0.574602610983093,1.00175189234482,1.34362107900388
8,1,0.574602610983093,1.16673847486394,1.33920759756427
9,1,0.574602610983093,1.29626797025654,1.33657927129963
10,1,0.574602610983093,1.45218949148835,1.33323803557063
11,1,0.574602610983093,1.50642476755859,1.332343090914
12,1,0.574602610983093,1.55597337400849,1.32855859159183
