#cores,StencilSEQ,StencilCUDA,StencilCudaCpu,StencilCudaHybrid3
4,1,0.565265192286898,0.52023502511427,1.04067854180127
5,1,0.565265192286898,0.675292075234686,1.29047656426085
6,1,0.565265192286898,0.843464111581162,1.44346954806642
7,1,0.565265192286898,0.984838530918681,1.75447637479863
8,1,0.565265192286898,1.14745540045435,1.75165507569144
9,1,0.565265192286898,1.2695297303814,1.74719992978591
10,1,0.565265192286898,1.39979439011365,1.73632490546528
11,1,0.565265192286898,1.41037634786045,1.73438352565817
12,1,0.565265192286898,1.38186414961929,1.7330396794964
