#cores,StencilSEQ,StencilCUDA,StencilCudaCpu,StencilCudaHybrid3
4,1,0.565249242687729,0.507068035288051,1.06851989346973
5,1,0.565249242687729,0.657629978441669,1.217759309648
6,1,0.565249242687729,0.822048640288847,1.43691213708639
7,1,0.565249242687729,0.958076792146847,1.43732989417817
8,1,0.565249242687729,1.11824763582327,1.88425729886035
9,1,0.565249242687729,1.23420907886901,1.87744320934956
10,1,0.565249242687729,1.36984738505338,1.86524239109511
11,1,0.565249242687729,1.40380618119915,1.85234475185393
12,1,0.565249242687729,1.39781379930937,1.84898127452031
