#cores,StencilSEQ,StencilCUDA,StencilCudaCpu,StencilCudaHybrid3
4,1,0.565265192286898,0.506781165718804,1.06131868562977
5,1,0.565265192286898,0.656390757262272,1.29513725664918
6,1,0.565265192286898,0.820898244834252,1.29180243786832
7,1,0.565265192286898,0.95794007969776,1.55199049852668
8,1,0.565265192286898,1.11676938724743,1.75959530618662
9,1,0.565265192286898,1.24050306371599,1.75305204863202
10,1,0.565265192286898,1.37395037738316,1.74655977672056
11,1,0.565265192286898,1.40678423605115,1.74217773188739
12,1,0.565265192286898,1.38357679110372,1.73669997208169
