#cores,StencilSEQ,StencilCUDA,StencilCudaCpu,StencilCudaHybrid3
4,1,4.13669603545914,0.474521576419136,4.15960118824518
5,1,4.13669603545914,0.615326455006399,4.15902156196686
6,1,4.13669603545914,0.768567770420218,4.14401929855478
7,1,4.13669603545914,0.896361779465818,4.14294318271047
8,1,4.13669603545914,1.04491237146151,4.14592069510241
9,1,4.13669603545914,1.16175847434457,4.12299007136405
10,1,4.13669603545914,1.30185974291841,4.122480946568
11,1,4.13669603545914,1.38347224017497,4.11987929974192
12,1,4.13669603545914,1.4360454540914,4.11619703130154
