#cores,StencilSEQ,StencilCUDA,StencilCudaCpu,StencilCudaHybrid3
4,1,3.26737087142928,0.494731885184273,3.0975351098814
5,1,3.26737087142928,0.643607445400627,3.10799413699528
6,1,3.26737087142928,0.804017441084802,3.10321010538806
7,1,3.26737087142928,0.931041205394218,3.0662752690534
8,1,3.26737087142928,1.07530630940496,3.10552174115009
9,1,3.26737087142928,1.21143870048801,3.09882395898438
10,1,3.26737087142928,1.36094078973851,3.11272427367097
11,1,3.26737087142928,1.50922889164527,3.12431378473227
12,1,3.26737087142928,1.47704509513828,3.10850401728271
