#cores,StencilSEQ,StencilCUDA,StencilCudaCpu,StencilCudaHybrid3
4,1,1.01078268121172,0.524956786560697,4.52651559905315
5,1,1.01078268121172,0.683910797370609,4.52321456327046
6,1,1.01078268121172,0.852807651930238,4.53070196608555
7,1,1.01078268121172,0.995821127118655,4.52759027496068
8,1,1.01078268121172,1.16103228647485,4.52788325315456
9,1,1.01078268121172,1.28964213563101,4.51966336858913
10,1,1.01078268121172,1.44775702859655,4.51948532632141
11,1,1.01078268121172,1.50843915920845,4.52123057539074
12,1,1.01078268121172,1.56305020963385,4.521410674579
