#cores,StencilSEQ,StencilCUDA,StencilCudaCpu,StencilCudaHybrid3
4,1,0.578803868881944,0.532458772734869,1.00035646933685
5,1,0.578803868881944,0.691589238656657,1.33778800757262
6,1,0.578803868881944,0.864383573786622,1.58291900836196
7,1,0.578803868881944,1.00809538494056,1.69378494763882
8,1,0.578803868881944,1.17534904485016,1.6872282795915
9,1,0.578803868881944,1.30193905762038,1.67641022757009
10,1,0.578803868881944,1.45078560828024,1.67029702220839
11,1,0.578803868881944,1.48922550635717,1.66824245639304
12,1,0.578803868881944,1.51615726053745,1.66748774568533
