#cores,StencilSEQ,StencilCUDA,StencilCudaCpu,StencilCudaHybrid3
4,1,0.594334240937586,0.547014338013408,0.968227339539899
5,1,0.594334240937586,0.709762660570005,1.36676782751933
6,1,0.594334240937586,0.887400439363333,1.62036553149063
7,1,0.594334240937586,1.03446421105245,1.61772776111489
8,1,0.594334240937586,1.20752088914094,2.11583120123769
9,1,0.594334240937586,1.33885701389365,2.1009244048399
10,1,0.594334240937586,1.50222702555841,2.08948337436675
11,1,0.594334240937586,1.54842238293963,2.09042279732375
12,1,0.594334240937586,1.58362887858723,2.08997699940191
