#cores,StencilSEQ,StencilCUDA,StencilCudaCpu,StencilCudaHybrid3
4,1,0.569126807393013,0.521232736634023,1.04521913447971
5,1,0.569126807393013,0.677979632730896,1.2782298182697
6,1,0.569126807393013,0.847378679589843,1.53849025371934
7,1,0.569126807393013,0.988304530281971,1.53805944490144
8,1,0.569126807393013,1.15280687808028,1.5292894180572
9,1,0.569126807393013,1.26909641017339,1.52258356088222
10,1,0.569126807393013,1.4012736737459,1.51545732603859
11,1,0.569126807393013,1.41975078950318,1.51840389167962
12,1,0.569126807393013,1.4110344679077,1.51685464697013
