#cores,StencilSEQ,StencilCUDA,StencilCudaCpu,StencilCudaHybrid3
4,1,0.561788310528254,0.516484863457936,1.00791058691133
5,1,0.561788310528254,0.670316945896225,1.287913740133
6,1,0.561788310528254,0.837858698458647,1.5592912248196
7,1,0.561788310528254,0.978464812465271,1.38678996623529
8,1,0.561788310528254,1.14002682748518,1.69338451921007
9,1,0.561788310528254,1.25977243324745,1.79082616602935
10,1,0.561788310528254,1.37197840366875,1.66692638178754
11,1,0.561788310528254,1.35886491422958,1.66272320626588
12,1,0.561788310528254,1.29743133130082,1.3575086653794
