#cores,StencilSEQ,StencilCUDA,StencilCudaCpu,StencilCudaHybrid3
4,1,0.580738447450855,0.533319862940992,1.06161741359471
5,1,0.580738447450855,0.692268206225321,1.30231309007405
6,1,0.580738447450855,0.865425883381294,1.523436266247
7,1,0.580738447450855,1.01018981353067,1.61877456198342
8,1,0.580738447450855,1.17595308898932,2.03872352861816
9,1,0.580738447450855,1.29086753277562,2.07109214652819
10,1,0.580738447450855,1.38805639795568,2.02254764823257
11,1,0.580738447450855,1.37754213594476,1.97335429179579
12,1,0.580738447450855,1.30845149702217,1.59185084113508
