#cores,1000,3000,5000,7000,9000,11000,13000,15000,17000,19000,21000,23000,25000,27000,29000,31000,33000,35000
4,64922305.61,585459156.67,1643389399.28,3187323095.94,5268158194.39,7889174166.28,10996540197.50,14675303140.33,18803857954.00,23501941265.72,28889027889.06,34494746252.67,41155053479.94,47654749264.72,54744433681.78,62562740386.00,70887059066.22,79756546562.39
5,55704122.17,455036566.94,1260814165.83,2458972749.44,4065052040.94,6084794454.06,8483595169.00,11319525549.44,14499486469.94,18112646415.17,22314856589.06,26607536368.94,31746325450.78,36724418963.72,44132620683.89,48260837477.94,54629960315.44,61858583389.78
6,44096819.89,362652744.44,1009500098.17,1969269624.33,3254469114.33,4871379371.00,6790859151.00,9063911278.11,11608961649.22,14497605912.89,17868667441.17,21304051955.56,25414892424.89,29399480736.78,35346041193.56,38633736942.44,43729912172.00,49211440003.83
7,37956580.50,312202051.94,867255726.67,1691915049.39,2792931293.39,4185039545.00,5830545500.83,7773839083.11,9969725931.33,12452148265.17,15570564657.06,18278747105.44,21804951873.06,25583928285.83,29049927993.94,33138953241.83,38127096688.28,42261490431.06
8,32469002.11,270708578.39,743008101.78,1449508517.94,2397872464.72,3589251517.61,5001826907.22,6671887281.33,8549537599.61,10675277770.00,13619244938.67,15681799723.22,18710666116.06,21615640411.50,24926366001.22,28430833336.22,32182337485.56,36243279893.78
9,28328245.33,233881265.50,652123814.22,1270219304.61,2096946282.94,3181486719.83,4378607550.28,5839787626.11,7501144183.11,9355999592.83,11512345544.17,14066625651.28,16474932705.39,19137177956.22,21820969003.67,24906946665.28,28191836416.89,31787609768.33
10,25100526.61,209117293.72,580520845.44,1132972391.94,1866307307.94,2798586862.50,3900349320.56,5203291083.67,6673841556.83,8332674572.61,10253863979.61,12264429579.33,14622809383.17,16870623540.11,19517210987.22,22180303820.56,25123337452.61,28353954093.67
11,22004781.11,191283318.39,530774340.39,1021336601.72,1686065074.39,2581256711.44,3517783899.28,4697253143.89,6099059347.28,7528515113.17,9295596785.61,11078311484.78,13229488447.00,15364113240.28,17573620972.44,20056903691.11,22729198165.83,25849930526.22
12,19390546.72,174461945.00,487132429.94,933771872.00,1572174223.06,2340872597.83,3218795618.17,4370609164.50,5498938676.94,6928733453.17,8508035099.67,10138966466.22,12120391469.44,14160779770.72,16083310390.00,18547717426.89,20831545998.44,24578400265.44
13,17337215.78,159334014.89,467967772.06,871192988.17,1436415932.67,2152568638.00,3000573118.56,4007977439.56,5157177824.83,6536766674.83,8016709112.94,9631207557.56,11334711220.56,13660208996.17,15228858129.78,17770173719.78,19828838872.61,23903772814.72
14,16800865.94,160610703.56,436365511.72,841942455.72,1411145859.28,2040484278.50,2885752040.61,3853689641.06,4915584077.83,6421815061.61,7603762897.94,9081394870.44,10707518900.61,13429204843.00,14558370373.94,16763364096.50,19173646236.89,23849669942.94
15,14925136.39,149146696.56,412393070.17,812011727.50,1431379009.17,2062253927.33,3103818619.56,3774925284.06,4855618445.61,6261940667.06,7425095514.56,9003461943.83,10551323330.83,13672682330.72,14342859370.56,16509932212.50,19077180861.33,23802790970.89
16,14382222.94,143411361.72,406155306.17,785602459.78,1322188389.11,2025517109.11,2959563582.00,3789030969.61,4794102539.83,6294802853.72,7312330600.28,8992154431.28,10446715236.00,13335305958.06,14689689838.11,17022186750.00,19661990644.56,23585131828.94
17,13568728.94,144789741.72,408278836.83,800828853.28,1324288617.61,2008549718.17,2768770690.22,3585488930.06,4863883853.28,6261878653.06,7414015679.44,8760088626.67,10760072375.22,13177235445.22,14273880467.00,16887813483.50,19380261904.78,23441871716.61
18,13090642.00,179139435.50,397559026.72,800324241.72,1289319180.06,2091798202.39,2733272567.78,3553654638.50,5161339975.44,6367619477.72,7442338308.89,8637630338.83,10628972090.22,13323964713.17,14484041808.72,16673097450.67,19885601855.11,23648980130.72
19,12410316.78,135649992.17,402941587.67,750138310.00,1273778180.89,1859875146.83,2730804321.44,3570375897.78,4898150110.50,6145217110.06,7413944948.22,8737234568.56,10477870155.11,13200603638.61,14483761626.72,16715271877.28,20126437044.61,23509178413.50
20,11724751.44,132243388.28,385788274.06,752702856.61,1269489276.17,1898050491.83,2745135678.72,3694098662.50,5082595429.67,6119577661.83,7695178009.89,8677119723.56,10896970361.67,13371439543.61,14925208633.00,17028185127.50,20916321866.06,24170386023.39
21,10606161.78,125021001.39,356457407.28,730735411.17,1234208733.89,1941661319.78,2658981376.00,3667228029.00,4918659464.22,6041645400.56,7421832476.17,8471727937.56,10655191321.89,13081287835.22,14628594628.06,16698367100.61,20341340071.28,23434810666.39
22,11018005.00,123486395.78,363151435.17,726217204.28,1215733252.72,1885885696.89,2692961863.83,3569044154.89,4753118351.17,5948494016.94,7209589975.61,8374027667.61,10360874753.06,12745798818.44,14273601313.11,16263016373.44,19871981180.72,22796844312.94
23,10356526.61,114269223.17,353214023.83,723151929.83,1246114119.28,1887732162.67,2665089645.06,3536402261.89,4677115561.50,5788721344.39,7155554725.78,8124526937.33,10159562913.06,12467807096.50,13910979570.83,15953193689.11,19457798917.78,22269353767.78
24,9979448.78,113830009.94,362293005.67,708349658.89,1172702362.72,1863066213.11,2686395714.89,3409238063.50,4575234968.67,5651618219.78,7074546571.67,7970520766.22,9960809437.22,12258801276.50,13757662516.83,15615944280.56,19022166563.50,21804092730.22
25,9860904.33,116284676.11,377512913.50,684304935.22,1161576070.83,1801925436.06,2565814901.61,3258611298.78,4425695408.17,5602651473.67,6911758691.89,7980097652.00,9770408629.56,12030916537.00,13367808775.67,15321800442.50,18672356225.94,21357498938.89
26,8542483.72,117627939.94,329123904.72,686970466.56,1129035459.78,1704052628.28,2457283553.22,3210322516.67,4390752006.50,5533273796.50,6817713048.83,7655054859.33,9546350616.00,11843100346.50,13133332968.06,15006793189.50,18148974643.22,21065182545.39
27,8924646.83,118690754.17,339903373.17,677799867.50,1124093358.78,1675338558.39,2489510180.67,3302020573.89,4378671314.00,5485085582.17,6782864267.44,7581716004.56,9436865522.39,11735878419.61,12996625043.28,14815834516.89,17897260809.06,20720705655.78
28,7975486.17,117995649.83,328424985.17,679438424.00,1117164656.61,1744087305.56,2442040962.89,3157372199.78,4364914755.11,5425974777.22,6575692783.50,7507351718.67,9296116356.28,11655466280.67,12857288693.33,14656400788.56,17622266047.00,20665847918.50
29,9030528.06,116596365.94,331340397.22,661693094.50,1150246564.94,1661461573.11,2469098836.22,3217832056.06,4271265767.00,5357716621.83,6504002016.94,7584977382.11,9255053842.67,11515129260.72,12748077207.44,14505152882.06,17484662138.56,20405135809.50
30,8396536.78,116889493.94,327653824.39,651081571.78,1115253328.44,1682866657.00,2375930667.50,3105870335.61,4303196822.56,5316476297.72,6613873730.78,7365784325.06,9083315039.06,11514180453.33,12577946233.83,14421739702.44,17388184424.22,20533299828.72
31,7931782.22,115255998.33,337339106.78,638105391.17,1081344719.22,1681147941.50,2380824707.78,3168416984.17,4203152836.61,5238442183.94,6384492291.06,7321661028.06,9090774089.44,11344967261.06,12536734595.44,14288057855.61,17160766875.22,20200759629.28
32,7497383.89,116976742.06,328137855.33,711532267.00,1156230882.33,1724305967.00,2376170008.67,3104221740.83,4153731702.11,5252729901.22,6326579802.33,7287011352.61,9136769971.17,11364345143.00,12433229018.00,14251323026.83,17112778249.28,20201671133.56
33,7266936.22,118036819.50,323081468.39,642588880.39,1056703385.22,1621074211.67,2328824266.83,3132148030.89,4120177006.89,5309437743.11,6420172668.22,7245480405.61,9069832596.22,11258173891.67,12380854866.67,14166027902.67,17055353155.50,20062026697.22
34,7237191.33,116681097.44,326372667.22,633022987.72,1096038974.50,1703032671.33,2344838551.39,3201068638.33,4109877981.83,5186519300.17,6448502861.33,7227945127.78,8996863798.00,11184637748.94,12492672348.83,14202006369.17,17198064827.17,20040485565.56
35,7389467.67,112372745.67,319371137.44,667813170.33,1098238988.11,1604723947.72,2345400872.06,3109413579.50,4088154294.83,5184231726.89,6375775311.39,7179443569.17,8960510526.94,11123732551.78,12479095939.17,14264172404.00,17225506317.67,19770756309.56
36,7621486.17,114076837.17,318800330.06,653153045.50,1098089089.78,1664919273.67,2330235407.83,3127205167.72,4172241155.72,5225315337.06,6427135827.94,7175496594.50,9165238520.61,11158034541.11,12530900263.89,14392252100.00,17597863060.72,19734177466.39
37,7974473.94,111354388.50,329568202.50,661328830.78,1092320449.39,1673165803.17,2266886317.56,2972811908.11,4215185302.33,5291706341.56,6450527752.72,7330269502.39,9169916982.28,11376460069.22,12578881265.67,14375190200.33,17406441848.94,20143101284.72
38,5891396.72,111928756.56,311192832.78,663568446.00,1086400498.00,1616082637.28,2390781824.50,3174364999.00,4132804740.11,5467618179.89,6522472470.33,6965243716.44,9386913536.56,11847749863.22,12571418097.83,13992591359.39,17268317351.61,20915380909.06
39,6583853.17,115788491.61,313343849.11,645034858.83,1041916311.89,1535010652.50,2224878959.78,2975170070.72,4029159958.61,5136263243.00,6136646577.83,6835833164.33,9282421291.50,11481360962.67,12168586701.61,14615389616.83,17678957951.11,20427769540.94
40,7185110.06,113113055.11,287551039.72,636158971.83,981826169.22,1452565805.00,2180413137.61,2972973668.39,3802365877.72,4993740441.17,6199832571.06,6747300728.00,9192352592.28,10822758791.94,12330657401.67,13615128687.83,17638014377.67,20032069841.17
