#cores,1000,3000,5000,7000,9000,11000,13000,15000,17000,19000,21000,23000,25000,27000,29000,31000,33000,35000,37000,39000,41000
4,71326448.28,641448792.03,1791010073.42,3491697144.11,5737538474.69,8576140152.47,12010348710.44,16009237499.89,20553072953.83,25637269779.97,31403614507.94,37697715671.47,44434318009.22,51642055325.44,59558910988.42,68225946313.69,77426758081.19,86787417660.33,97376332759.61,108251441686.03,119593828778.06
5,55704789.83,494724738.39,1373562979.75,2688881927.69,4442517882.89,6634634862.03,9269788774.28,12341648196.06,15852230960.42,19801971255.97,24185199462.75,29160274160.36,34602613447.97,40011419734.94,46514558861.67,52780928379.47,59775337052.83,67210780344.17,75203350016.42,83704407057.86,92223248111.47
6,44795044.58,402231415.28,1107518850.86,2159789085.69,3573140591.78,5340978577.11,7447167959.11,9966305017.28,12770777835.97,15987859741.42,19443346989.83,23389229876.06,27569209399.08,32197670934.25,37138986178.50,42645976442.50,48284532339.22,54026652942.89,60449535218.08,67469285531.42,74523074022.53
7,39912696.69,348468318.17,977960525.67,1889585639.44,3130750758.86,4656485837.53,6530568295.11,8696975715.78,11145330688.89,13956396942.11,16992313512.75,20376928543.50,24058346583.14,28538460506.33,32373747774.03,36953781944.64,41876432188.67,47559715084.64,52891231186.17,58829606993.00,64758736401.44
8,34728005.78,312968082.03,870488944.08,1706432604.19,2882589116.61,4226824501.22,5911121610.06,7820401795.19,10046129848.03,12736575452.42,15360550716.89,18626763586.28,21661144931.42,26185923485.78,29237816861.67,33204422492.61,37817515109.75,44678245938.67,47655873095.47,52824627809.36,58747886815.94
9,29366921.78,256380776.72,730027180.81,1402637440.53,2313971367.81,3450047853.44,4831356015.42,6444930156.42,8272040356.83,10540458160.92,12588364734.44,15151327500.78,18009636527.75,21299743498.92,23964691642.17,27380180619.14,31203028275.61,36517673586.94,39246588972.39,43669211520.06,48080363194.86
10,27819194.92,231045526.08,640038721.28,1254509655.78,2063809804.08,3102214482.75,4330371445.92,5771216418.17,7397987160.14,9292217360.92,11245929138.64,13599009530.00,15949923376.56,19226843113.25,21479866371.53,24482380130.17,27749505510.47,32263882598.17,35221758267.86,39131795017.14,43138976664.33
11,23868093.64,209108235.69,580699350.22,1139647587.11,1876503697.50,2845499734.94,3926475985.19,5252428694.69,6733538049.53,8431043451.67,10314802834.89,12333844573.50,14524210816.72,17634088458.92,19545204822.47,22259450091.42,25322880407.75,28798965357.83,32018111333.78,35570039216.58,39171550460.83
12,23164549.08,193412335.72,547160523.75,1052311195.86,1793014991.03,2640912482.22,3620076910.94,4934164168.97,6254929732.94,7833032708.19,9421487527.58,11387500278.50,13460172315.36,16146176328.56,18019117640.33,20562399683.75,23442195776.17,26643834161.97,29585905093.75,32702983049.00,36164080731.72
13,20496854.89,185068718.36,528722640.64,985388524.22,1619919522.31,2426421139.75,3374986206.22,4495656479.33,5816094600.89,7317472660.94,8862625728.47,10645563258.75,12539397861.19,15250288115.56,16858000635.58,19146377530.11,21723500064.53,25010962296.31,27465135985.78,30408904918.78,33814491369.61
14,21471533.31,172578869.14,487522627.00,923717963.58,1540148743.94,2284749580.17,3187397732.19,4311613698.67,5454966522.50,7063076999.81,8307212156.06,9958915359.56,11716611559.22,14237878452.97,15861900977.06,18039312353.89,20404068022.78,23829582720.69,25774322825.61,28505685575.42,31893905324.61
15,19178837.19,165003314.94,443456425.69,869847239.94,1510396701.67,2142911568.19,3115541688.42,3964739766.11,5103934206.61,6429598231.33,7785601879.78,9450981643.47,10945027257.03,13457330325.11,14763824040.58,16824114349.50,19133618486.86,23030423538.00,24075516877.86,26715003748.58,29831645797.50
16,18255882.39,149103866.89,416382950.81,815715115.06,1332366760.94,1990735741.17,2794473821.42,3680926501.86,4752012840.83,6171708017.31,7314733661.28,8681241623.06,10210183500.53,12704270221.25,13758252060.64,15872371469.58,17824164115.94,21799028685.61,22734589049.86,24886060023.78,27757576587.22
17,17190450.03,154888577.42,428728327.97,808095629.53,1334607414.72,1996982653.78,2811247147.47,3712847930.14,4764658886.86,6280177191.72,7247497780.78,8822809495.33,10295136054.56,12638526335.44,13824685461.08,15819583156.75,17904238837.50,22392098175.78,22493483410.08,25040243971.31,27832573274.72
18,16842063.42,175533179.92,416874326.22,820072233.64,1358092762.58,2018355668.97,2849965976.31,3760860868.39,4787224698.14,6140847113.97,7330886809.78,8867169135.06,10467718412.00,12776110135.17,13969960988.28,16096943224.94,18226217365.03,21672542051.31,22957231523.31,25603643282.11,28311397781.14
19,22362505.39,180731732.33,537414051.78,1040306923.83,1689298332.33,2590380712.92,3562849598.22,4721066322.08,6118888508.67,7606762646.08,9247671006.14,11208774133.00,13433666316.64,15658545454.94,17785323543.11,20442278239.69,23671188293.31,27002637762.47,29765232370.47,32856965166.33,36814261971.92
20,20132880.72,179706470.75,502085404.97,994421564.72,1648059759.06,2532898178.44,3457746287.22,4571921452.36,5922020549.58,7247827122.72,8949799418.00,10686254727.33,12689409088.75,15016881713.94,17142054474.50,20070581865.72,22496692256.50,25794665345.56,28459527259.47,31730141171.31,35451932562.86
21,16725453.94,172771749.08,477187227.17,944009731.00,1556564388.97,2333031950.64,3319229644.42,4337720688.75,5622685744.19,6983997107.31,8700859744.72,10330951454.53,12222057922.06,14488819781.39,16648899823.14,18993345906.08,21748547262.00,24953020922.94,27731132934.28,31210009353.97,34717358979.75
22,17283785.03,177137953.64,460679639.00,916870764.50,1511493688.78,2316078528.47,3171531719.64,4219878354.06,5445138835.89,6725150812.31,8409592263.81,9957037288.53,11910943830.14,14105662018.06,16124818571.14,18476153319.47,21158164144.69,24261673456.42,27116084955.86,30805773394.50,34250629699.92
23,17739314.47,170070083.36,448783354.03,882231169.72,1491920739.36,2196161863.17,3070351030.53,4086400837.31,5329611544.33,6590425917.39,8044411874.36,9722932831.72,11529464795.33,13670718310.97,15654063585.36,18135665409.67,20602521839.67,23961015476.31,26844288225.75,30155193083.89,33839916281.89
24,16901245.69,154872784.31,460887864.69,889265779.92,1418817601.28,2177250729.22,3187098188.61,3962395671.64,5279549414.72,6535359735.61,7784422603.86,9524260803.17,11256780854.47,13555943647.00,15395135100.39,17799883347.67,20496764837.19,23649423882.92,26803509848.50,30221607396.72,34316764525.67
25,16671452.69,151261510.28,435971996.64,837716549.14,1365086312.58,2080120489.36,2911369233.67,3829007467.69,5080900798.78,6272415768.78,7646293774.75,9231077255.00,10869094373.64,13123426935.97,14799807397.92,17172865331.19,19684761775.94,22797970811.08,25886354176.94,29011430694.19,33042694583.28
26,14954515.25,142508781.89,405292012.92,795817833.58,1315556353.31,1995572993.39,2819097878.25,3703969498.25,4983602264.17,6046208409.69,7278031752.17,8793099971.31,10452839606.72,12522199271.69,14371851865.08,16599447098.14,19084205624.06,21928997492.81,24912750034.00,28244185284.36,32061946276.44
27,14677520.19,151970894.28,406131462.25,776383030.81,1316179670.22,1918772926.28,2740613695.19,3606252601.19,4679637095.56,5854277820.28,7068878302.78,8595560380.11,10174579293.92,12162364128.08,13922086574.86,16148850857.69,18647612503.06,21468193350.39,24301292544.08,27588540435.97,31465467615.06
28,12925664.97,126364514.06,385825892.25,758383470.25,1253565224.44,1882369249.58,2688644193.22,3522227144.64,4572412125.31,5737244975.75,6945988082.22,8396175298.36,10039362299.19,11742901482.92,13516821152.50,15741457695.00,18135130793.61,20836867889.25,23757177393.89,26883600741.50,30512648943.08
29,13987400.81,137188121.31,384416359.36,736059793.03,1226915901.92,1872744377.83,2580470667.11,3418388167.53,4343476437.36,5530592004.00,6926298784.94,8292123589.81,9671201839.31,11652240141.42,13324047344.31,15395520426.17,17832873022.75,20369503185.81,23374514035.69,26406125113.75,29961406941.69
30,13072971.17,135732502.89,370401057.94,727594102.22,1189022946.75,1837288375.22,2519979242.28,3330373979.31,4588306298.25,5428675190.14,6744284983.92,7883384148.19,9518314202.36,11394871340.25,12878179646.97,15134414327.78,17350798242.53,20170840179.75,22921518182.72,26068788367.11,29584165224.03
31,13219616.14,121930176.64,359151400.56,704898070.67,1150306572.11,1747430531.72,2438116504.47,3185326420.72,4236760979.53,5287585899.22,6506287955.72,7700862023.67,9104205245.22,11038399875.28,12510848548.36,14544310557.39,16726808039.28,19348273092.33,22240732758.78,24883906830.81,28123521493.44
32,12030659.58,129886604.47,346981017.00,757639098.72,1162483182.08,1710968171.08,2343510568.72,3162465170.22,4071182545.83,5100416784.97,6173647144.64,7460775836.28,8786412886.64,10745994549.06,12103922711.22,13978339424.22,16074749268.39,18470378296.53,21059793663.36,24184052809.75,27406730127.25
