#cores,StencilSEQ,StencilCUDA,StencilCudaCpu,StencilCudaHybrid3
4,1,0.578803868881944,0.519072804587418,1.00112566501595
5,1,0.578803868881944,0.672880206623296,1.33209592127046
6,1,0.578803868881944,0.840236958346601,1.54148193146976
7,1,0.578803868881944,0.982606546567612,1.69157675146803
8,1,0.578803868881944,1.14578721819969,1.69225934191394
9,1,0.578803868881944,1.27115466985536,1.68453688877068
10,1,0.578803868881944,1.42310624701366,1.67609877403
11,1,0.578803868881944,1.49015283889969,1.66972185651838
12,1,0.578803868881944,1.51547881105945,1.66805090594652
