#cores,StencilSEQ,StencilCUDA,StencilCudaCpu,StencilCudaHybrid3
4,1,0.594334240937586,0.532705104589734,0.969400938771232
5,1,0.594334240937586,0.690857648327068,1.32330790419803
6,1,0.594334240937586,0.863099790708709,1.62721636219528
7,1,0.594334240937586,1.00744509103247,1.62353027890917
8,1,0.594334240937586,1.17492124345652,2.09393186612137
9,1,0.594334240937586,1.30821647591624,2.11580314941128
10,1,0.594334240937586,1.46834391960375,2.10117485230967
11,1,0.594334240937586,1.54708369686971,2.08827227939869
12,1,0.594334240937586,1.58049452941407,2.09104683866945
