#cores,StencilSEQ,StencilCUDA,StencilCudaCpu,StencilCudaHybrid3
4,1,0.589662105695152,0.528642863559063,1.08610688361381
5,1,0.589662105695152,0.685537223058654,1.2705732149862
6,1,0.589662105695152,0.857479993766822,1.26842692956874
7,1,0.589662105695152,1.0000697085982,1.26903957434689
8,1,0.589662105695152,1.16480617752298,1.75753927549065
9,1,0.589662105695152,1.29311441788918,1.75356751032226
10,1,0.589662105695152,1.44330364741681,1.74571246831689
11,1,0.589662105695152,1.50103671691868,1.73517564448133
12,1,0.589662105695152,1.50945916860721,1.73076264272043
