#cores,StencilSEQ,StencilCUDA,StencilCudaCpu,StencilCudaHybrid3
4,1,0.567717647940128,0.507364191653463,1.0195340100615
5,1,0.567717647940128,0.658139099528283,1.26798815914417
6,1,0.567717647940128,0.82203459524309,1.48211262495807
7,1,0.567717647940128,0.959617587500614,1.70869209602205
8,1,0.567717647940128,1.11957325977876,1.97505959280507
9,1,0.567717647940128,1.2379123579836,2.00309787411061
10,1,0.567717647940128,1.3594244437315,1.99803584745921
11,1,0.567717647940128,1.38953622564029,1.98893855921354
12,1,0.567717647940128,1.3531224096303,1.88488769464194
