#cores,StencilSEQ,StencilCUDA,StencilCudaCpu,StencilCudaHybrid3
4,1,1.13325225585015,0.782398637834735,2.18310059386177
5,1,1.13325225585015,1.04032664249298,2.44244349326229
6,1,1.13325225585015,1.29529270235343,2.46019888616824
7,1,1.13325225585015,1.46259035056089,2.4405344127772
8,1,1.13325225585015,1.62735710251523,2.38781817712545
9,1,1.13325225585015,1.67854327063072,2.10812707485694
10,1,1.13325225585015,1.71882811188846,2.26161949684511
11,1,1.13325225585015,1.73961265904186,2.3088981324606
12,1,1.13325225585015,1.72868488955984,2.27335023451512
