#cores,StencilSEQ,StencilCUDA,StencilCudaCpu,StencilCudaHybrid3
4,1,1.07526853612291,0.755635730606449,2.27732966555111
5,1,1.07526853612291,1.02082002560485,2.43450243594563
6,1,1.07526853612291,1.27370982281308,2.38380629255085
7,1,1.07526853612291,1.44403266673495,2.28423747238669
8,1,1.07526853612291,1.569433616521,2.21573285834715
9,1,1.07526853612291,1.60979278642824,2.00068584949087
10,1,1.07526853612291,1.60063205048638,2.22352835870458
11,1,1.07526853612291,1.59819939155053,2.20065105866632
12,1,1.07526853612291,1.54456771829746,2.08684081982908
