#cores,StencilSEQ,StencilCUDA,StencilCudaCpu,StencilCudaHybrid3
4,1,7.05010228805418,0.720663852998882,7.03630157366709
5,1,7.05010228805418,0.960151726255039,7.0385890249767
6,1,7.05010228805418,1.19801247994289,7.03921119326372
7,1,7.05010228805418,1.36471298187823,7.03836694123794
8,1,7.05010228805418,1.54375329884968,7.03096825502954
9,1,7.05010228805418,1.59950950049263,7.03263919972932
10,1,7.05010228805418,1.62763018324843,7.03211719895797
11,1,7.05010228805418,1.67854702267222,7.03165603237595
12,1,7.05010228805418,1.71239825981762,7.03253660774462
