#cores,StencilSEQ,StencilCUDA,StencilCudaCpu,StencilCudaHybrid3
4,1,7.4822717275657,0.761113474576866,7.47430133515543
5,1,7.4822717275657,1.01437150752897,7.47521341908221
6,1,7.4822717275657,1.26711327547906,7.47589216788694
7,1,7.4822717275657,1.45234443254272,7.47362186990161
8,1,7.4822717275657,1.62439624862344,7.47053070730081
9,1,7.4822717275657,1.68855074981603,7.47216755829243
10,1,7.4822717275657,1.73465402728046,7.46998457946181
11,1,7.4822717275657,1.77688036657039,7.47053674391145
12,1,7.4822717275657,1.79737318730033,7.46899357987056
