#size,StencilSEQ37,StencilCUDA37,StencilCudaCpu37,StencilCudaGpu37,StencilCudaHybrid37
50*200*200,1,6.81479035860159,0.299187104195359,3.73784477491307,6.73552803074407
100*200*200,1,8.19320504525773,0.564533499817509,5.39143521513849,8.13117545780254
200*200*200,1,8.87335650280368,1.19430308178044,6.86002696748472,8.83442084364599
800*400*400,1,9.14356249124804,4.56298243388204,8.95422661631327,9.13446310925231
200*800*800,1,9.37452827255824,4.89052892572423,9.17527646376722,9.36700729122576
400*800*800,1,2.65134849491157,5.00198672294955,2.16008021736422,6.98571876692109
800*800*800,1,3.22925645623611,5.11389384731521,2.56496170189982,8.51822563589341
800*1000*1000,1,2.52302197533421,4.94630847426864,2.28463891324725,8.36541493032897
1000*1000*1000,1,2.52044353033344,4.92880666464241,2.32776289121641,7.42270530863054
