#cores,1000,3000,5000,7000,9000,11000,13000,15000,17000,19000,21000,23000,25000,27000,29000,31000,33000,35000
4,43599273.94,414537121.33,1151357638.17,2228901482.22,3677214039.39,5540798376.56,7682980519.17,10313738568.11,13336783017.39,16312269215.78,20592564710.56,24551756316.67,30335591725.78,33426723656.28,39762879100.67,44099880411.67,49631021746.06,55694848992.33
5,35739274.89,315420812.78,873528313.83,1684832300.33,2780700788.61,4174423889.94,5810670821.17,7773519937.06,10124535625.67,12319344218.11,15689003787.89,18750931272.61,23158352836.67,25238074863.28,30435457932.00,33863028524.33,38093716614.33,42053150486.22
6,28368069.00,254681202.33,696718995.22,1347846290.22,2222486607.83,3355879292.78,4636427581.83,6221278248.22,8059702834.50,9844089016.33,12573198635.56,14980257278.44,18744619032.89,20205884052.89,24264936869.06,27020460846.28,30597339924.28,33637542568.44
7,23860174.44,211765969.78,601015186.61,1137363743.17,1873064595.28,2804396585.39,3916513592.11,5241218793.06,6801273076.94,8302552003.28,10500585931.39,12466245402.33,15424304542.50,16992344591.67,20168145165.22,22408524313.67,25364360429.11,28378223297.22
8,20735390.67,190821177.00,514217521.50,997192102.39,1694126679.78,2512195930.11,3505513551.78,4571774846.11,5987625385.44,7319768315.78,9201309948.11,10907419250.28,13425560737.22,15183605013.94,17660593326.22,19734560840.44,22268574181.61,25720508557.00
9,17758276.83,178113151.83,499160891.61,922465034.06,1538307719.50,2272069224.94,3179855203.00,4205985195.22,5468287873.67,7045458817.11,8408856043.22,10056408528.17,12295092491.06,14785489612.94,16184109575.61,18178296952.11,20575114943.06,25101949543.44
10,15693182.06,162225733.33,454718660.44,870556204.06,1497879432.11,2154013203.28,3038823871.61,3999322828.22,5184659963.83,6612845555.67,7981725694.78,9554454319.83,11499719127.61,14304417104.33,15317378749.83,17359663567.72,19620145725.17,24480072582.17
11,14147746.11,144330355.61,409069017.06,811175500.94,1395560444.89,2003720241.28,2814960139.06,3676318037.61,4744019196.17,6253239560.94,7298068026.94,8692346376.22,10512287946.61,13386636528.17,13883370180.78,15911794943.56,18064839113.78,22776369248.17
12,13799856.44,134557749.67,404787209.89,774556569.56,1380306271.17,1948821473.17,2739636373.94,3601741387.50,4594083848.17,6048710215.44,7029934159.83,8349328466.94,10139909053.67,12730818183.83,13418025712.78,15265293481.44,17384420084.22,21851611038.11
13,12211231.94,134160620.06,399373846.50,753196284.17,1270257622.50,1874250588.78,2656953511.39,3478454233.11,4488778813.06,5832712490.33,6912184942.44,8379169589.44,9930378051.61,12319375144.28,13216710059.00,15168287505.89,17244212897.78,20975959914.06
14,11775792.61,134978287.67,376026228.78,738933544.00,1241138378.94,1804728740.56,2541013296.61,3397510225.72,4316779471.61,5726643152.78,6589815603.33,7844517300.72,9472879925.61,11918279823.67,12545109391.50,14396820300.56,16327804597.22,20316978263.89
15,9621103.83,131926487.83,361966272.06,718059302.33,1266271868.17,1754695343.11,2596719161.33,3234726636.61,4211086127.00,5570530387.83,6369103310.06,7614633833.89,9124631075.50,11628321723.50,12049866653.17,13790368607.00,15692865039.72,19887126878.50
16,9247868.06,126430694.56,357007053.89,696141176.94,1190611064.44,1716667958.28,2465189834.44,3166729197.11,4100942778.67,5496812495.06,6232822036.67,7360453821.39,8904035892.78,11419267143.44,11784147977.00,13524921785.94,15364988678.44,19547043204.00
17,9538440.83,125381939.22,380310138.39,685474733.78,1175095441.89,1686380839.17,2433076852.50,3112639228.89,4057378595.61,5484270856.11,6096392807.11,7261795702.39,8745312869.00,11275327823.22,11567787041.00,13229826693.89,15175980899.11,19521582064.22
18,9429923.17,144687434.39,339979870.11,680768715.72,1188370759.39,1659910414.78,2395041673.50,3060110454.00,3993088563.28,5510497273.11,6002875953.89,7090196914.67,8592384626.33,11814566917.78,11368901874.78,13009425474.22,14962151670.61,20277539258.72
19,8658720.72,121958515.50,333454986.72,658712395.94,1126152473.72,1611447899.22,2316395094.72,2961409965.06,3859506881.39,5132817055.50,5816218704.61,6945002213.83,8333562400.78,10771250715.89,11006068864.94,12580425946.56,14451005074.78,18456982556.17
20,8386360.78,117261689.06,314465371.22,632377864.67,1064862180.50,1560238650.44,2279030601.17,2859590266.78,3823650638.11,4940431187.44,5610223544.72,6585156631.67,8008660121.06,10470500644.39,10667545215.39,12137845342.78,13920346675.17,17964507192.83
21,7221728.39,116488969.78,319581947.61,647955319.56,1092562955.00,1575935611.44,2280093200.17,2903314501.00,3826566976.00,5072664165.44,5762478801.17,6688299443.22,8124459911.61,10666220490.89,10832035336.72,12388804365.17,14384910778.50,18336295908.67
22,7730512.67,121754086.94,324280502.22,653192929.06,1124252478.28,1637202257.94,2391591023.39,2939729014.94,3920079879.28,5432984876.50,5809854557.28,6864549469.78,8294682875.67,11568635063.33,11099944776.67,12640924523.56,14658473658.17,20030655872.61
23,11053411.89,139388578.44,398733555.89,779082475.83,1403710023.22,1905139076.50,2691566469.61,3594220186.61,4631397781.61,6226468124.78,7224901124.17,8453375258.39,10281416880.50,13246797913.28,13908463668.44,15800798517.00,18512914173.67,23127774490.06
24,9762401.44,131425329.67,386088115.72,750053756.44,1276459595.17,1862804062.56,2692705118.28,3421669751.11,4471109256.78,5881117577.00,6923060670.11,8139104553.89,9829930246.72,12603529616.94,13352466459.06,15245201058.83,17806645190.67,22050067831.67
25,9729814.83,127076019.56,385854479.00,727832235.50,1202443088.89,1772952439.28,2504119365.56,3325791719.94,4336739881.00,5625735471.50,6684657459.06,7883300571.33,9462199034.50,12232113694.22,12871430720.11,14752329588.78,17101112874.61,20781338962.61
26,8308930.50,122392781.72,348858737.61,689056647.94,1157370295.22,1733386676.72,2422101269.83,3220349909.44,4238157881.06,5361478507.78,6400551041.78,7529159316.72,9129375962.72,11282338368.11,12445949072.06,14261983905.78,16530480645.72,19705701162.33
27,8958812.61,120002086.94,338089497.17,665129420.11,1163528099.06,1709029857.78,2337639677.17,3157991814.11,4131098160.61,5221931645.50,6299524786.22,7329668633.72,8905056081.22,11011565373.89,12075059273.61,13828504001.33,16118059724.39,19318399735.83
28,7780360.56,117033472.61,330699485.22,651372957.44,1103303217.28,1651826311.67,2383399233.89,3121212002.33,4064151006.06,5219386420.33,6237164353.44,7267438829.67,8834304308.78,10978307379.44,11957735628.33,13732409987.44,15943623972.94,19426965181.72
29,8835945.22,115783871.72,329476463.67,655314990.94,1125262812.78,1684944570.00,2368425556.78,3074446319.78,4094441933.00,5215709641.33,6284337290.28,7326632729.56,8794743763.72,11146998356.33,12112429308.61,13892428481.72,16324391623.00,19644968628.39
30,8232394.44,116820104.78,329011971.22,660527623.39,1106585002.83,1663647392.11,2376521260.78,3049883017.67,4236043239.78,5244510316.83,6478098071.17,7291517839.22,8952340775.28,11447540576.56,12329410521.44,14240074966.67,16795281064.44,20127613921.94
31,7856568.67,114033021.83,329181046.78,648067888.56,1070452307.50,1678033742.22,2332442679.89,3050169914.06,4094175078.56,5222752570.94,6366061341.94,7223555927.83,8962802901.72,11095615604.56,12265563002.44,14023538302.17,16696396154.67,19723078983.17
32,7384010.56,116748771.56,324663678.39,714670205.94,1116089481.11,1679257782.39,2325224796.78,3081204586.22,4101902720.94,5155325035.17,6268690875.94,7216263699.11,8874045865.67,11012940204.33,12233613927.67,13966003635.17,16711591307.06,19364076275.06
33,7119757.50,116994818.11,316039026.00,650384192.56,1077403388.78,1595191009.83,2366109836.94,3017354179.78,4063404795.11,5143812588.33,6195923891.94,7120336306.72,8826847051.06,10943244108.67,12195093059.78,13933734114.67,16526972892.39,19354795891.06
34,7237751.44,116233498.06,315407819.83,647384777.50,1083881766.00,1698399557.33,2306401060.22,3152520731.83,3945837637.06,5101323639.28,6210428711.56,7103003593.56,8846077753.78,10930440988.56,12132276181.33,13895135363.33,16534096792.11,19270341860.33
35,7161469.39,113756522.11,305606442.67,643439749.89,1106743357.89,1645304063.33,2316083015.67,3031511060.17,4054506632.56,5129185324.22,6148747509.89,7045628494.11,8865414812.44,10936683305.83,12236446675.94,13945272922.83,16508474222.67,19321696549.89
36,7468099.11,114441975.22,319413077.39,641607691.50,1078362169.78,1590114039.33,2256221732.56,2920203249.56,4093957180.56,5112235051.89,6233196457.67,7074418632.50,8910773619.61,11007015337.83,12148023305.94,13894564589.83,16785530949.22,19396209294.78
37,7831815.56,112207695.44,313944483.06,634177191.56,1053575069.78,1545239936.17,2281148266.56,2929231203.61,3965577236.78,5177458026.89,6076575215.56,7212934504.94,8906526296.17,11063283194.28,12397083532.56,13983510875.28,16736326378.00,19485233020.33
38,5815773.72,107743943.11,302058779.33,649514120.28,1095059306.78,1644648975.39,2243405556.67,3046357354.61,4175821095.11,5330055923.61,6191110261.89,7119483831.11,9015023329.44,11497539752.22,12200900467.28,14165108502.33,17462872355.33,20328922027.78
39,6448346.78,113765325.33,296144133.44,602094868.67,1039070624.50,1569475136.78,2264234409.33,3013473226.61,3852585117.00,5129285633.33,6185306294.11,7128702818.22,9117015951.28,11101695692.44,12013349965.94,14212358666.72,16540849707.83,19589638578.50
40,7421281.00,110223862.50,302142853.83,618846760.28,997421770.78,1527884299.11,2149922425.44,2973388267.56,3827293364.94,4886410697.00,5953106336.83,6668533801.61,8834518241.50,10798564257.00,12246578775.17,13829580013.78,16316888700.33,19069534202.67
