#cores,1000,3000,5000,7000,9000,11000,13000,15000,17000,19000,21000,23000,25000,27000,29000,31000,33000,35000,37000,39000,41000
4,73937873.61,639731586.97,1772181008.75,3472653481.94,5747297994.67,8611183386.78,12024838476.44,16000182840.08,20539501956.03,25565632340.03,31250958009.31,37496632789.17,44258756393.92,51696123850.50,59551465246.06,68340604179.06,77099313387.97,86930616500.58,96973061026.72,108295084593.69,119521905959.75
5,57350038.06,495256535.86,1373426498.44,2688351734.28,4443074554.06,6633082453.69,9266751573.97,12340343874.47,15847584926.36,19803220485.75,24219433490.50,29174952180.39,34628444515.36,40027264476.19,46526735783.97,52907630660.00,59759235616.56,67217147912.25,75214688734.31,83683135404.31,92217402401.94
6,46437005.64,397426693.81,1102988189.83,2161324647.14,3583685566.19,5358068451.72,7471702076.53,9950881908.42,12759771832.42,15911611328.97,19447969795.86,23507420888.08,27546517393.67,32231586947.53,37221842560.11,42550281878.33,48051818375.89,54033377985.53,60456892163.50,67565548277.22,74445844076.97
7,40595610.06,345869085.44,978984859.78,1890088095.28,3127448347.67,4652968215.19,6524886082.17,8686371537.44,11141462908.50,13939881272.56,16997336984.25,20473548128.58,24067941958.92,28501004774.72,32388710187.47,36945292966.39,41872948326.81,47485497464.56,52838942045.67,58775757406.81,64688050412.44
8,34988661.11,314008631.14,868012902.69,1706490340.42,2893022096.42,4216169362.33,5949852421.22,7801212891.97,10035973096.94,12728546638.42,15349298017.06,18349851451.89,21690034586.97,26071856753.06,29174673379.42,33414790045.22,37822503611.97,44467373933.78,47536675109.44,52961730746.06,58758549783.31
9,31073130.97,256795332.06,729461432.44,1401591213.75,2312734236.28,3446302666.94,4827530418.61,6431902769.50,8251753640.39,10526744448.92,12590416978.25,15148048283.69,18016519473.17,21322247993.78,24027608179.56,27411953365.19,31183562525.22,36535142945.97,39175459133.11,43616398665.17,47984746633.11
10,27959243.81,232165161.53,639984851.33,1251866993.89,2059907388.14,3099525393.50,4331274365.50,5763786509.58,7379865189.00,9264959648.50,11261685311.47,13600379103.61,15981338888.00,19179060703.94,21504209664.47,24485573639.28,27836878269.06,32338467585.08,35124128286.61,38944814514.81,42994731528.31
11,25752356.19,208291764.25,582757640.69,1139979197.58,1873196330.78,2838873987.56,3920091439.64,5249302267.19,6726276973.14,8411891150.33,10314368720.33,12338788266.33,14498814295.56,17671786364.83,19521582106.31,22282856393.33,25289988719.42,28720168677.56,31994277124.28,35442616498.19,39116835011.44
12,24620676.06,196980495.47,552572178.86,1052736291.00,1797783335.69,2638876987.78,3620338992.28,4931880256.31,6248570656.25,7829778471.19,9442301731.67,11366610415.00,13488510052.44,16099346295.44,18068554111.11,20611802723.58,23381862603.00,26544000398.36,29510106372.28,32639662616.94,36098446036.00
13,22019912.81,181442688.14,528070840.14,985417959.89,1618943658.92,2426641619.97,3378891262.86,4492093871.75,5822957669.47,7302261276.94,8872739217.89,10606693585.67,12538469964.53,15257876108.81,16866753423.17,19157946163.75,21708827553.42,24964083495.50,27461330629.69,30440487495.28,33783488118.39
14,21478377.69,177063914.69,488006520.28,925616259.39,1540439983.94,2269675457.53,3192420000.14,4292499375.56,5443733228.69,7060379547.19,8318534431.33,10021128101.97,11745657427.44,14262999109.19,15859011659.75,18076306666.86,20479338731.86,23995556378.03,25780370488.89,28543391879.25,31812505278.39
15,19389700.97,164907569.97,441070485.11,870483651.44,1507810662.86,2122251975.72,3108943263.67,3964753278.72,5105891028.69,6413341959.36,7843251655.53,9503688211.08,10971845520.83,13390800081.06,14725249251.72,16849232157.53,19157404444.22,22992646921.64,24099373095.64,26678480516.97,29763222800.94
16,25722325.97,249098745.92,668567706.67,1351256669.81,2224630084.78,3109129437.19,4484684226.75,5733508931.97,7419787985.17,9695973932.19,11539315188.22,13997957164.50,16631167944.06,20431277348.36,22469417965.53,25900140018.19,30426858580.25,35914216215.03,40184490166.58,46765306442.56,54110117875.19
17,17266092.08,156401168.39,424305496.56,811718918.61,1333027476.28,1990160592.11,2828912425.14,3714099137.28,4749971889.08,6280470989.89,7240560535.47,8783051587.50,10300036053.78,12627368803.72,13799805912.56,15881119526.28,17969545388.03,22456049827.11,22492887266.56,24935814629.19,27757921617.50
18,17054886.08,175162572.19,421008866.75,818343417.64,1359928901.36,1995671109.00,2864263764.08,3753060361.36,4791520505.28,6154326386.44,7365338563.50,8869636221.36,10436420720.86,12835187397.72,14044343268.58,16119689817.33,18190176217.75,21715647470.33,22908211851.69,25651357064.42,28394985677.64
19,22832143.92,192411113.78,537036702.78,1038315830.08,1686427459.25,2595677213.28,3576171678.22,4712379121.97,6136733994.86,7616156943.06,9226807550.58,11133774834.81,13366403597.28,15666730767.92,17693980648.97,20478980625.86,23648500219.75,27004182857.19,29575081535.75,33024587953.47,36827331589.03
20,21529676.14,182380056.22,508197867.19,994958786.50,1648609303.44,2525591484.31,3458234662.17,4562656500.64,5946202530.28,7253081695.89,8942022897.97,10664486753.39,12704967532.06,15023229595.53,17185101310.25,20040058335.47,22475417168.92,25816847270.75,28419206922.69,31941000748.50,35472748943.44
21,19421963.28,172020543.25,483933001.08,946180980.67,1555560116.08,2344267982.92,3318211624.56,4336704286.97,5627381289.86,6990403123.31,8670656211.47,10256721619.81,12239218084.69,14492068039.69,16615299623.94,19037457321.58,21739744044.06,24969253234.03,27711745290.83,31209257424.81,34712771613.53
22,19798451.06,166876783.58,465563921.42,913680052.72,1510283139.61,2293586431.22,3165539204.72,4222193238.11,5453997211.58,6723506248.17,8403051424.36,9957199790.86,11931403430.72,14126852137.11,16124998545.58,18474045133.56,21072800439.42,24254291897.81,27113662955.25,30864310260.00,34209574342.64
23,18938191.58,167673641.61,450248490.92,881577181.86,1493628849.47,2201915422.28,3068512677.50,4076733431.83,5332020132.64,6586617666.53,8041004621.25,9704159543.06,11552193886.44,13667126015.31,15646436616.53,18127635628.11,20617645365.53,23945395496.61,26789365098.67,30044116577.86,33868475612.92
24,17977590.03,153790029.61,456312475.28,888791105.28,1420944916.47,2175181845.75,3257310685.03,3996361916.64,5299157376.22,6552625002.81,7794549856.42,9567709453.81,11255787843.56,13562145916.25,15388806988.75,17864173170.83,20509210645.86,23671611159.94,26737892561.03,30112061045.69,34283289956.33
25,18209491.22,157887509.86,440105496.61,841362471.92,1358974760.17,2062254977.78,2899709556.19,3803112262.56,5097804686.06,6271978998.25,7645777266.53,9133971642.00,10870358014.36,13091253566.67,14804053056.94,17209453334.61,19688859165.86,22809442761.06,25924372026.39,29199434582.00,33075443098.83
26,15692147.33,140742188.33,409601533.75,799310378.53,1316303541.94,1986761098.53,2802727956.67,3699142978.69,4998235973.75,6033964459.39,7280334089.28,8803238065.22,10459593370.94,12518785902.69,14357438408.86,16632768819.89,19063622722.14,21928998575.72,24967979525.22,28269502032.28,32072815422.14
27,15359624.50,148969145.58,397748306.31,777376287.39,1317761155.75,1917643411.56,2711194613.53,3592788659.61,4677518918.72,5870973849.81,7056926030.61,8603889747.25,10169454287.36,12171821743.78,13923751109.69,16160872798.47,18536444690.81,21498402353.00,24288593062.33,27466609366.75,31368231082.56
28,14494338.50,132497782.56,398561858.69,760241867.64,1249693891.97,1866102694.89,2721089174.14,3530384734.42,4558663480.94,5718275859.78,6952161071.78,8397200319.44,10098998933.75,11752507308.50,13559557579.89,15798218786.53,18124868511.03,20823122656.11,23739783532.78,26880230170.81,30505708275.78
29,16347996.75,132840980.72,385252198.72,735344651.75,1226233660.22,1853892845.83,2570399725.94,3416628167.25,4351709914.61,5534287648.28,6893853785.03,8297770253.75,9683590211.31,11620906683.81,13341522881.81,15334482891.11,17866774941.06,20376041143.78,23318751733.00,26410173673.58,29961768854.53
30,15148002.94,136768767.44,374642336.67,725300966.39,1195310364.08,1847187679.86,2534497361.44,3304323706.08,4516821569.50,5445492942.17,6708837934.69,7905712171.92,9489368104.83,11356898420.36,12844933372.72,15042943655.19,17366766153.11,20198016585.47,22765719037.31,25811105492.61,29549801088.08
31,14104095.39,131223882.64,364247689.94,702760297.33,1148623552.03,1737719695.92,2454241429.31,3189560808.17,4241745164.47,5321480769.14,6523867246.50,7725892049.86,9097721140.92,11058616661.42,12507105915.92,14565168238.42,16708745223.36,19355559438.08,22096548899.89,24722412234.94,28125159794.97
32,13799554.53,131905336.83,345968655.25,756655868.72,1159395409.64,1689635028.72,2343343833.69,3159949029.31,4047331227.33,5083593541.56,6185469627.61,7566303739.19,8783958522.69,10704720506.25,12085867157.67,14032567105.89,16039375982.58,18458023085.81,21181777910.25,24176018429.39,27380566285.06
