#cores,1000,3000,5000,7000,9000,11000,13000,15000,17000,19000,21000,23000,25000,27000,29000,31000,33000,35000,37000,39000,41000
4,13470000.33,78082876.92,208563405.06,405208809.47,668062287.39,983464689.69,1373020249.28,1828838771.42,7450759087.97,9687411050.31,13134432737.75,13719133228.36,16581167471.94,22071553989.28,22123659460.44,26230567404.06,28824168242.44,31598998065.72,38770634209.92,41757945368.33,44661344200.44
5,13453356.22,78132294.50,208460734.97,405576195.17,667612813.08,983321078.06,1373152435.42,1828731232.33,6068808275.44,7841586031.83,10510737941.08,11914005435.53,14013968581.19,17286592428.78,18852226667.83,22284014997.06,25568254021.33,26809532358.19,31842630914.25,32439844586.33,37141563548.00
6,13458135.25,78165381.61,208444515.92,405224922.89,667685012.89,982692964.86,1374078704.39,1829921433.06,6027747327.53,6686056909.89,7995720391.17,10412516275.44,12224635792.11,13154812624.08,17006734959.19,17920837667.22,19937412519.47,23933608441.28,24737753465.31,27578963393.44,31457318752.89
7,13439916.81,78102948.28,208425144.56,405084429.33,667936588.61,983007795.61,1374276481.81,1829913316.61,6029267749.89,6055726830.42,7736312430.92,10419969552.08,12223343441.42,12304583157.47,14751861448.61,16242068174.58,19594518791.89,19642990780.81,22876536276.75,25627308213.44,28367459320.00
8,13453761.08,78067314.92,208478606.53,405236185.61,667606690.17,982791979.14,1374242390.61,1831601288.56,6030374592.39,6056048972.28,6419904318.86,9346676452.81,9442537145.92,10959062240.89,13420280307.64,13976162932.28,17844277562.14,22035037705.86,21964819198.81,22253673553.11,27070608925.28
9,13438564.78,78103239.69,208421223.47,405012114.11,667756851.11,982541057.83,1372471642.94,1828486697.83,6025860880.69,6051228432.56,5980262848.78,7977479496.97,8103914840.25,10950533755.97,13410705732.33,13130539241.47,13939693731.22,16283179597.94,18325564312.19,22232145466.50,22074986774.94
10,13418815.22,78012700.42,208452653.61,405088998.89,667405338.44,983708301.44,1373789575.64,1829599648.53,6033405360.97,6061407889.19,5986140766.36,6218760746.92,8125379916.31,10970115071.08,13431517206.47,13140701927.31,13455307595.75,14637475902.50,18355818455.86,22257209739.94,22084108404.92
11,13422761.78,77930426.11,208296142.92,404773811.28,667305703.42,982360925.86,1372735639.92,1828576149.17,6096561554.78,6161835946.92,6044190110.78,6296247351.58,8309091577.14,11156174500.86,13603651878.03,13416594784.86,13762308728.94,13748238482.44,18735069083.83,22629758998.39,21120475672.33
12,13440004.78,78053056.36,208397567.92,405407618.03,667891654.92,984033024.17,1373110047.69,1829869647.14,6267476090.67,6446996858.03,6425661091.19,6855963331.19,6989665281.97,9848084100.25,9252438129.58,14286123593.50,14786957096.97,15021635289.08,15188817797.22,20497562563.14,22548483619.08
13,13427600.36,78054723.56,208362438.17,404758357.81,667838347.11,982944884.61,1373895449.28,1828636470.25,6422380348.47,6671722698.92,6766366713.06,7285469685.58,7561389653.42,10434397938.03,10047183395.19,14921960377.53,15640748412.17,16127796523.44,16543564897.22,17280258936.22,24002360372.44
14,13415009.25,78030922.44,208370487.03,405067114.72,667389305.17,982464444.58,1372901757.25,1829685545.00,6530449511.92,6853486862.17,7021994636.47,7641424739.78,7967591674.28,8616992088.33,10579271257.64,15450314666.11,16268247784.19,16910520401.42,17391602800.94,17872940253.44,25010807137.56
15,13421712.08,77984270.42,208434105.89,404735197.00,667301662.86,982003574.42,1373606153.03,1829419941.06,6603773799.36,6979117704.56,7207675799.53,7855417641.22,8246253098.33,8966281791.67,10923454465.83,15861076305.42,16702828805.17,17508437040.67,18073498604.69,18689522367.11,25787439124.86
16,13842324.14,78424216.08,209044449.22,405731279.31,668945158.92,983731718.97,1375338077.61,1832620035.78,6066015456.31,6085852231.47,6196345506.03,9405333877.89,9268859969.72,11050017685.03,13520512634.17,14422592507.94,17967884516.42,19571076701.58,21584275124.28,25850332971.53,28587587306.28
17,13490564.75,78017303.56,208312621.44,405050851.33,668340559.42,982328650.78,1372959795.33,1828047281.56,6664798479.56,7072630295.39,7363058294.86,8063628326.92,8581799411.75,8920961654.47,11314069754.03,16186483617.39,17115154614.50,17905111544.08,18550135783.03,19299538863.92,20632733026.47
18,13650911.56,78142438.69,208667140.19,405553858.72,668441607.19,983200371.58,1374541892.50,1831038787.53,6679848832.25,7089103351.86,7377729560.33,8053325122.89,8606138699.53,8981101287.17,11255506008.36,16205211410.50,17055605787.25,17874017669.03,18482454989.56,19453616797.31,19968726259.69
19,13788312.64,78232003.50,208649216.50,405212607.39,668197758.86,983262103.67,1373444143.19,1829652025.75,6648245100.89,7048875049.39,7374272111.17,8039448895.83,8501160866.86,9243922355.89,11207267173.78,16051868113.22,16986743752.97,17790686186.81,18375046163.22,19322753531.19,26251890005.67
20,13779590.06,78176095.14,208548226.25,405166910.89,668329506.22,983662632.56,1375828767.92,1829414784.14,6627006177.25,7022411370.36,7289292144.75,7956585326.11,8457507394.19,8980058379.78,11129156436.94,16009962147.08,16939324510.39,17731114816.97,18396263460.19,19068520026.50,25396921007.11
21,13796630.22,78184498.22,208740003.94,405213101.33,669219421.06,983062563.64,1373729322.33,1829840578.94,6603308608.94,7010043387.06,7291237738.19,7947176878.36,8425428024.50,8791688081.94,11053280461.17,15978878276.06,16945174835.33,17605647192.33,18308898669.33,18872626713.14,26129898405.89
22,13833906.83,78221736.25,208727475.36,405154046.58,667729009.25,982981096.83,1374463949.72,1829752894.69,6579400919.78,6972417571.00,7242434772.89,7873086215.56,8356704769.22,8712312232.56,10981204468.08,15974794199.28,16858558416.97,17581043556.03,18135170342.97,18966912554.69,26007797635.00
23,13664803.08,78342503.17,208798613.25,405533909.86,668287012.86,983787949.83,1374643703.39,1829159325.31,6568734056.28,6947595390.47,7221617705.33,7851884695.28,8317106105.50,8675227400.31,10913102879.53,15859445234.47,16778279687.53,17379486395.33,17926393884.00,19324874323.78,25739621800.58
24,13765158.78,78425358.97,208598648.94,405502897.64,668136311.86,983970187.36,1374438805.08,1829348172.53,6539695007.33,6903741154.39,7170991531.97,7771484779.61,8250402390.08,8561507456.03,10812413731.67,15731408678.72,16541894383.19,17167333224.11,17715935223.03,23048901449.72,25389079998.67
25,13651601.03,78315623.89,208539867.58,405119708.19,668323448.83,982901366.00,1374610743.89,1831334483.58,6551633792.14,6926262472.92,7195538801.53,7806236432.94,8267419708.94,8953510912.33,10818935182.86,15761207561.08,16646232615.56,17276147463.17,17845513989.06,19017098894.31,25712969381.75
26,13720731.44,78339958.83,208507090.33,405194522.14,668305998.31,984428717.97,1373370354.81,1829298746.94,6521356254.72,6930257234.28,7173487747.94,7790574387.75,8254056099.31,8754564212.94,10841770902.00,15838837003.67,16721212646.22,17379512156.00,17940407161.75,18804938119.61,25996181810.53
27,13641867.97,78152245.19,208899201.47,405301906.08,668194522.17,982941523.67,1374812044.78,1831082381.19,6601995731.83,6986471309.36,7243293295.06,7918336404.75,8383836368.17,8730848070.25,11062621988.36,16076568198.94,16960349956.61,17718501915.17,18433542281.67,19188910904.06,25437158765.81
28,13772392.25,78171924.64,208770858.97,405194093.39,667734012.72,983875320.42,1373632899.97,1830837394.31,6646108502.89,7048851914.33,7324482446.39,8006499514.86,8524495778.58,8964877385.75,11278359890.47,16330631158.47,17230044777.86,18245575734.56,18933087878.28,20062560093.06,21490548805.69
29,13772091.61,78269976.36,208668430.47,405456796.67,667882070.03,983041652.67,1375016354.06,1831075619.53,6703738098.47,7149042246.47,7454608035.22,8180477814.22,8745708611.56,9220166428.08,11590155608.31,16624068663.92,17619762205.11,18652495954.61,19444805642.97,20536260530.78,22180629515.61
30,13851863.28,78258676.69,208570062.97,405234694.67,667799125.17,983695930.03,1373778207.81,1829813201.92,6742436098.75,7206901105.03,7538575936.53,8295045047.92,8900271865.86,9382892349.75,11826201496.44,16810407478.56,17966295712.39,18931206180.25,19801052690.81,20770410386.64,28174997685.14
31,13658377.75,78197731.44,208653234.94,405569065.19,667874109.22,983147258.06,1374602712.19,1830889406.75,6767670396.19,7246983396.11,7604973334.89,8343412431.03,9009451527.69,9447285884.92,11949125012.31,16884071375.03,18072036720.75,19285229273.00,20198642550.47,21508270779.86,28504998959.61
32,13779660.33,78241453.08,208716065.44,405602547.25,667819243.61,983815558.31,1373615753.06,1831293116.17,6795064835.36,7291384751.94,7692866155.14,8451029141.94,9131381574.19,9770542730.00,12167301310.06,17114476456.00,18374872043.86,19582127979.89,20606500125.31,23886711285.64,28920080771.61
