#cores,1000,3000,5000,7000,9000,11000,13000,15000,17000,19000,21000,23000,25000,27000,29000,31000,33000,35000,37000,39000,41000
4,13731098.69,78266451.94,208370490.72,404730041.36,667533709.25,982796249.92,1373159524.56,1827591008.75,7454666689.97,9876783896.69,13259647726.06,13629467572.08,16450162769.75,22138153250.58,22124431984.22,26125901822.61,29331816174.22,31197243915.42,37493261051.39,39270324652.81,44014140710.97
5,13759328.03,78386501.81,208331757.39,404679541.97,667662522.06,982354876.97,1372417676.53,1828758951.86,6124314873.72,7667815725.31,10517161128.33,12059323347.42,14066237011.69,17747165821.75,20742281744.19,22127415217.19,25813287597.17,28399935593.00,32363083891.33,32076329397.22,37283756820.64
6,13729753.14,78278352.36,208368104.17,405246573.03,667291189.42,982585983.22,1373889660.92,1828032679.36,6131783764.39,6569890544.92,8016167644.56,10284700790.25,12424226011.36,13206967702.89,16214846208.14,18228279723.33,19906718329.89,24154664519.33,25090257067.22,27317636485.31,31987033542.97
7,13732578.94,78347945.17,208447491.97,404824647.56,667857058.06,982376401.33,1372459632.86,1828191094.69,6131114071.19,6157538383.64,7760209054.67,10291173323.33,12428488770.69,12514434787.00,14531398148.94,16410587611.14,17812889714.69,19673401256.03,22648835384.19,25155290804.19,28786303560.14
8,13749756.25,78295768.89,208484332.64,405213628.11,668455689.08,983378748.94,1373005578.86,1828887124.08,6133599674.67,6161443670.92,6489336150.17,9293819294.08,9632677444.53,11101263396.03,13291385591.44,13901336946.83,17946167506.00,21612522487.89,22339247701.50,22585951425.44,27539803806.14
9,13779017.19,78242712.11,208193948.67,404470676.67,667916192.39,981620367.78,1371700630.78,1828009634.14,6126590864.86,6153339775.69,6038142795.39,7733916034.83,8263649724.22,11097109011.75,13275465679.64,13346970251.19,14020259488.06,18471450058.42,19972369564.86,22575586314.97,22396140617.08
10,13688403.14,78159727.69,208301744.25,404563408.86,666901033.53,981737574.11,1373400283.72,1827842587.39,6133997825.25,6164129763.28,6042714868.17,6250682536.69,7765275918.06,11108262823.97,13285759468.33,13366460922.19,13678651724.83,14743972521.36,19992987096.00,22603362741.94,22405193241.42
11,13706646.69,78171722.17,208571296.36,404959504.78,667051343.83,982856259.03,1372397866.94,1826868736.31,6196552410.47,6263187109.44,6143164928.81,6405713351.81,7962393274.75,11308492558.92,13395228200.25,13648081737.25,14000978354.75,13965935185.31,15397080123.17,23013814381.69,20679486848.64
12,13758455.83,78250368.19,208592801.75,404591757.81,667173026.17,982691477.58,1374092283.89,1828273553.25,6379906289.81,6548310155.44,6538725687.86,6981917404.50,7102389918.69,9794908479.39,9379696343.39,12374491773.39,15032355566.92,15339412860.33,15425317639.89,19948769921.33,22207057383.28
13,13716155.42,78135257.36,208314050.28,404437555.78,666961112.69,982958657.31,1372782764.75,1827373028.92,6524861568.69,6772626390.33,6879614523.64,7412278855.03,7700952110.47,9322766573.33,9645785542.44,13163462724.81,15866579868.03,16365379870.64,16771965685.17,17354894404.50,23566665933.72
14,13721184.89,78265275.56,208343017.00,404585495.22,667040272.11,981503395.17,1373196381.75,1826961014.94,6635545125.75,6961153593.97,7126420872.81,7749893161.72,8108123324.64,8693151492.72,9975655633.89,13722289930.50,16484846711.25,17110163418.22,17618473325.69,18105967304.06,22069373072.36
15,13672899.69,78128948.19,208203338.22,404467509.44,667287733.22,981559742.56,1372707659.42,1829182320.08,6702366980.31,7069443454.42,7290658973.33,7978276308.61,8375542456.44,8937668563.11,10439986717.72,14074924005.94,16858133196.83,17653409633.61,18160699359.17,18654300335.31,25280155871.83
16,13642805.47,78269986.61,208275395.31,405022189.36,666907991.81,981644918.33,1371378250.06,1827360764.81,6785472142.22,7168968609.31,7422599480.72,8155137429.72,8546201665.11,9226236999.19,10657019336.72,14431512929.78,17239371205.94,18052005571.50,18711101892.00,19277653488.75,25798231040.61
17,13654772.97,78189977.31,208265531.89,404604559.89,666848830.81,982996623.47,1371859726.56,1826862389.78,6768150877.69,7180964610.83,7430417681.00,8167336644.69,8710714079.69,9003579742.44,10618905785.72,14446174957.75,17265594857.58,18103878523.69,18716108462.11,19523717114.69,20622857557.75
18,13933428.89,78384290.39,208521396.33,404950564.25,668485554.75,982533370.86,1374288477.03,1829014956.69,6778377022.06,7184578883.81,7444196226.61,8176474583.47,8691389977.08,9084884322.19,10595281573.50,14430001788.00,17218092770.75,18054857303.53,18646508477.94,19691235505.47,20060947726.14
19,13914977.53,78342936.83,208994991.78,405014337.25,668599869.11,982295344.25,1373414873.53,1828784969.53,6757579734.39,7145070978.69,7394680241.69,8107397537.47,8601074113.00,9288492988.19,10540884442.06,14345030521.36,17168667978.97,17965265098.97,18553264973.36,19477030844.28,25884001523.44
20,14182173.86,78385340.44,208488611.31,405573720.97,667363258.11,982423009.00,1373131553.36,1828252594.64,6731042791.75,7121301901.86,7357113145.47,8070884678.56,8558941092.75,8950166062.94,10486418329.44,14290711219.11,17136105572.36,17842710901.39,18509689901.33,19077062134.08,25821162644.83
21,13922159.11,78268959.17,208843441.67,404919149.11,667350943.58,982555596.06,1373904895.83,1829540837.08,6714565711.92,7095737105.78,7337775606.61,8040592716.47,8524917758.06,8884665109.67,10407811852.44,14275515144.14,17142853700.94,17852425980.28,18549701891.17,19105766250.25,24812815523.89
22,13804707.50,78310594.53,208517851.44,405009542.11,667535538.94,983908302.17,1373017219.19,1828249483.83,6704357570.61,7072710211.89,7309254357.72,8011803322.86,8489164209.56,8870090489.56,10370042842.72,14242471812.39,17094058041.39,17771866441.81,18391411831.06,18915434435.53,25782099406.61
23,13827587.14,78302259.19,208870302.25,405523615.14,667528551.31,982519824.64,1373923095.11,1829283982.36,6675464307.67,7058472207.50,7280849505.61,7948195473.06,8448900868.97,8834666999.36,10287764666.33,14129119902.83,16930093985.44,17594086672.75,18150565822.72,19111574792.64,25375804628.28
24,13882181.31,78375443.17,208710290.97,404916126.72,668307401.44,982399581.39,1372628289.69,1828724470.67,6652174010.72,7022692056.28,7241339739.72,7899021015.47,8330991964.61,8647898705.58,10180801472.61,13979818275.06,16767220656.53,17389193052.81,17995997312.39,21697819464.33,25187359628.25
25,13806258.19,78608359.11,208531655.25,404871973.69,667336062.28,982522802.28,1372678586.94,1829237462.56,6660680966.69,7014498562.03,7245745882.14,7934698561.47,8382401217.58,8837483990.94,10210829784.00,14052342532.97,16879087238.31,17479524164.94,18073220955.06,19014159639.17,25387720830.61
26,13797307.39,78391092.69,208820983.17,405106292.42,668424357.69,982658815.56,1373853580.22,1828304484.69,6662085439.36,7034866412.89,7251887681.22,7938982031.86,8379351444.89,8745047219.78,10213190943.36,14106377752.22,16902208930.75,17593919369.42,18214239488.61,18848689143.44,25754055047.69
27,14286999.17,78422427.19,208566426.89,404948599.58,668390634.44,982538342.11,1374387613.64,1829173286.92,6698078014.00,7087186342.11,7323423678.50,8020763269.28,8473383791.36,8850353437.97,10371482610.69,14311917466.50,17236961588.39,17981248675.69,18672009132.94,19507943146.17,21318478079.50
28,13796597.81,78335456.83,208532849.28,405045806.25,667604353.58,982499121.75,1372884318.75,1829411625.44,6755334013.39,7148626424.56,7403901746.89,8142055456.31,8633443118.17,9096059468.58,10621726807.25,14603534378.44,17505714503.36,18415009325.58,19162290075.39,20289721617.42,21465255233.31
29,14164913.75,78297211.28,208540705.22,405638183.08,667457007.89,983802148.19,1373307157.11,1828884455.19,6803661775.11,7234116308.89,7522698172.06,8286938625.83,8852196140.92,9322542155.83,10917236010.86,14893210912.56,17790684512.19,18823273173.08,19617334045.92,20821477247.08,22232746148.03
30,13773767.08,78304146.58,208662647.50,404947682.78,668602923.11,983081394.56,1373769170.42,1828242223.72,6853745579.06,7297972898.47,7616912394.17,8395525997.92,8997242891.92,9506905597.50,11166663113.53,15127461877.92,18077161890.06,19133643277.39,19993573845.81,21058315757.47,24193125219.47
31,13917700.39,78311106.33,208501174.69,405113457.94,667495591.39,982494184.28,1372783693.64,1828116443.36,6881425672.69,7350034566.22,7677635267.28,8492931637.61,9115148442.17,9614182661.61,11354432312.17,15308350401.78,18321917409.00,19503696773.94,20387195651.47,21541419909.72,28031466321.06
32,13655705.61,78451843.14,208558080.56,405076526.47,667462627.08,982468358.75,1373932084.42,1829562458.69,6905997825.58,7393537754.81,7737605669.81,8588480748.42,9245214330.53,9727351059.08,11567745429.17,15523088026.36,18597980838.31,19794406213.36,20831993240.00,22545881913.53,28716194366.31
