#cores,StencilSEQ,StencilCUDA,StencilCudaCpu,StencilCudaHybrid3
4,1,6.90925882422043,0.734075551838536,6.84328216560205
5,1,6.90925882422043,0.977103500380208,6.85165345027613
6,1,6.90925882422043,1.21911036601105,6.84576874150387
7,1,6.90925882422043,1.40949213905343,6.84550251961516
8,1,6.90925882422043,1.59136304006522,6.81688189766308
9,1,6.90925882422043,1.64774769166066,6.83321803944692
10,1,6.90925882422043,1.68909580630611,6.82391901949214
11,1,6.90925882422043,1.72962688817829,6.83128999109265
12,1,6.90925882422043,1.75605274411609,6.83129005454781
