#cores,StencilSEQ,StencilCUDA,StencilCudaCpu,StencilCudaHybrid3
4,1,7.64287716528154,1.13905364200177,7.52390107123497
5,1,7.64287716528154,1.41590464323356,7.5254844228864
6,1,7.64287716528154,1.55607763718919,7.52732821328817
7,1,7.64287716528154,1.64609818647043,7.52519237909572
8,1,7.64287716528154,1.70693381835167,7.52156029420925
9,1,7.64287716528154,1.46794101398744,7.52319820373867
10,1,7.64287716528154,1.63838654293556,7.52116199649488
11,1,7.64287716528154,1.76793413965581,7.52060296139281
12,1,7.64287716528154,1.80050641280091,7.52265601119082
