#cores,StencilSEQ,StencilCUDA,StencilCudaCpu,StencilCudaHybrid3
4,1,1.11186309752376,1.15736945892514,2.18991612009552
5,1,1.11186309752376,1.42522848589237,2.39605407142341
6,1,1.11186309752376,1.54751222111126,2.42041127681691
7,1,1.11186309752376,1.62117626051407,2.37720802438506
8,1,1.11186309752376,1.67967534555886,2.32768652558984
9,1,1.11186309752376,1.40347519341288,2.03223147887643
10,1,1.11186309752376,1.57541423032804,2.19833591761575
11,1,1.11186309752376,1.66974683483436,2.21604028071294
12,1,1.11186309752376,1.64840391150286,2.16020421769167
