#cores,StencilSEQ,StencilCUDA,StencilCudaCpu,StencilCudaHybrid3
4,1,7.09899811228725,1.09715956894918,7.05579036459482
5,1,7.09899811228725,1.36708551713043,7.05773184439535
6,1,7.09899811228725,1.51122791036638,7.05569657284095
7,1,7.09899811228725,1.59908154703942,7.05336129109788
8,1,7.09899811228725,1.65150699157248,7.04670774094216
9,1,7.09899811228725,1.39543985299704,7.04679932622059
10,1,7.09899811228725,1.5716610941194,7.04591675985974
11,1,7.09899811228725,1.7143560784786,7.04563465257044
12,1,7.09899811228725,1.74449263250009,7.04594516482271
