#cores,1000,3000,5000,7000,9000,11000,13000,15000,17000,19000,21000,23000,25000,27000,29000,31000,33000,35000,37000,39000,41000
4,13710734.17,77289082.50,205692860.17,399643499.94,658884673.44,969508647.94,1350358259.11,1802710451.83,6014915881.44,7609696532.17,10062830379.61,11560978754.22,14001212376.39,17283272940.22,18825802449.83,21577048599.00,26550984370.61,26797423764.00,31077468656.78,31400272661.06,36042111573.61
5,13708105.89,77306047.17,205800602.67,399776882.50,657611768.72,967551073.72,1352800539.33,1802987122.61,6020239610.89,6046719349.28,7735084203.94,10403957968.56,12207454363.83,12293753401.00,14752095729.44,17050820344.83,19579833809.50,19858433569.17,22469549714.33,25626974522.11,28347332194.22
6,13727365.83,77436163.50,205285328.39,398900998.61,658823103.72,968703744.39,1350351959.33,1799338697.39,6019512378.94,6045868899.39,6001242404.11,8327070518.72,9007293427.78,10944294151.50,13413198047.89,13137179313.44,17837356473.94,17311667197.44,18320290485.00,22222714119.39,22377085489.11
7,13623438.83,77308712.00,205670140.67,398935435.56,658833475.61,967850699.44,1352933364.00,1803096021.11,6020041858.94,6046533193.89,5983382943.39,6325965339.33,8104424627.56,10951134595.11,13406140832.06,13135225290.28,13426010312.22,15606172863.39,18332609265.78,22229516616.44,22076021006.22
8,13749480.56,77288352.22,205665659.39,398940447.11,658774998.11,967544992.67,1352971731.28,1803124290.00,6021544499.00,6051511732.94,5986238387.78,6116520973.83,8109231962.28,10960316380.61,13415604618.72,13148327157.22,13423574967.28,14433102100.39,18342418034.22,22241388914.39,22075430989.28
9,13715002.61,77279707.83,205300448.44,398826873.06,659177236.28,967753287.56,1350549638.94,1798971506.33,6021787350.61,6053077739.56,5988242623.33,6125173787.22,8114326005.50,10969118673.78,13433297332.89,13156900156.50,13438127877.83,13813351108.61,18349718411.11,22259450378.89,22106116646.33
10,13708848.00,77260629.61,205343961.50,398822746.56,657582500.44,967548173.72,1353263878.11,1803085334.39,6024699066.72,6058227991.83,5995605693.78,6138872286.83,8133104091.61,10979871372.67,13437368419.33,13163047639.89,13474015424.61,14023052891.61,18373301476.39,22295043480.50,22120909255.17
11,13837016.28,77549813.22,205498564.61,399116781.61,657683859.39,967729926.78,1350659101.39,1802750131.39,6027264111.00,6060877337.06,5992628199.67,6139080142.28,8143556501.78,10996155570.28,13456805505.06,13173655651.83,13459845313.83,14153370525.50,18387979661.00,22302258348.28,22165688120.89
12,13972804.22,77708933.22,205753536.33,399388448.78,659798869.94,970479153.72,1351562599.28,1804467106.94,6051501213.78,6085492286.78,6019960444.00,6148397684.56,8202059535.72,11042689507.56,13521283263.00,13236467987.28,13522765921.72,14668697443.72,18493046571.67,22374607569.28,22213423289.94
13,14029007.67,77674093.06,206215610.83,399429373.33,658338610.33,970666971.78,1354392866.17,1804468434.89,6049336273.72,6086934370.17,6041682980.39,8418205565.61,8944519475.67,11056857719.33,13507290835.06,13545426597.78,17947609544.61,22158236204.61,22047650934.06,22345065734.78,27224735687.50
14,13975933.06,77818694.28,205718935.44,399596414.50,658337873.61,970448745.67,1354290554.94,1800477046.28,6051150917.28,6087750304.83,6021214756.17,8393659235.11,8327222024.28,11042718443.06,13503605908.61,13224939637.22,17909022706.78,17553266971.06,19000472262.00,22378959162.89,23386104944.22
15,13990603.17,78167700.61,205752553.11,399441235.11,658505248.17,970555815.56,1351856365.89,1800730395.50,6053711890.11,6082738713.94,6017058601.83,6717944358.39,8184784042.72,11042520849.00,13504817864.83,13236506512.50,14213668987.50,16351223984.22,18479227396.44,22391730997.89,22593461038.44
16,13969396.06,77884493.22,205744308.56,400392363.22,658172979.00,970384670.17,1354159305.83,1804690940.17,6053722778.33,6084876443.83,6022424584.56,6433242900.89,8193628429.11,11033436536.28,13517238928.94,13225208557.94,13621422885.78,15681259671.00,18471096625.39,22394232751.67,22249173882.56
17,14009618.44,77958385.06,206151572.72,400253212.89,658241240.44,970633640.56,1351860132.61,1803848563.33,6050693738.39,6082876983.28,6025369060.67,6343330480.22,8199067702.22,11044496988.89,13498449234.11,13218669579.33,13618035306.00,15695802669.22,18461884244.06,22395639122.22,22221167547.89
18,13978127.22,77835665.72,205797500.22,400324229.89,659557535.89,968793158.28,1351965039.17,1800741247.89,6056280950.50,6085406900.50,6019802177.28,6237377863.72,8195159005.83,11043999484.33,13497937245.44,13220812481.33,13863232769.94,15786633086.56,18462097403.22,22376961559.61,22209616359.78
19,13984911.78,77814895.39,205773146.28,399459600.83,659764458.78,968631265.39,1351449503.28,1800146450.83,6058122440.11,6087664357.33,6021311419.11,6440005226.00,8189539066.28,11040743061.50,13508435941.17,13239044147.67,14318251643.89,16286836353.00,18480041685.89,22407424649.78,23336291908.44
20,14102107.33,77697724.67,205755453.89,400349462.83,659822609.39,968663996.44,1354191747.00,1803987051.11,6053145049.17,6095894917.50,6020099370.89,6521246535.83,8182112130.72,11039041892.44,13516726137.94,13234692977.44,14654304572.11,17000640673.06,18607888977.50,22373321439.94,23535712881.06
21,13713991.39,77310827.72,205625649.61,398856743.78,658767937.44,967712528.67,1353171959.22,1799831311.00,6417215181.72,6637637865.11,6716046753.56,7165494507.44,7396847914.28,7546611153.78,9769408209.78,14718584271.06,15294157955.39,15663111295.78,15945526926.33,16225137889.94,17580757431.94
22,13917096.56,77657744.50,205950304.56,400045443.83,659721590.72,968467910.06,1351189433.56,1800272522.00,6421536628.50,6642266456.67,6711087627.72,7117708970.61,7342630618.89,7584640173.78,9756755666.22,14710315962.61,15285579075.39,15622945071.22,15915301496.67,16382539807.44,23611264319.28
23,13913604.50,77697261.17,205604643.50,399251509.00,657997990.78,968479557.33,1354334353.44,1803837823.44,6409435829.39,6621284631.56,6675810434.00,7127680668.61,7393500782.89,11013254510.17,10104364966.28,14769465943.61,15352246569.67,15613463028.61,16753476917.28,24668535928.72,23416818115.11
24,13904668.67,77685597.06,205538877.78,400240967.06,659454198.33,970376609.50,1354047801.17,1804389284.78,6392578811.78,6596705691.17,6611427749.72,7104891176.67,7209171397.00,10190419702.61,9712596727.33,14652025055.00,15240972384.78,15532149132.94,16279425652.94,21180703069.44,23393814314.83
25,13911748.61,77504386.78,205590932.11,399482823.67,658168623.83,968352068.94,1351041586.28,1804099551.89,6377636813.11,6580303581.67,6618666578.11,7043263840.67,7155814489.89,10057681385.11,9637272935.61,14544705934.22,15085658045.78,15405749164.33,15814691766.83,21021860171.28,23227407081.61
26,13910125.17,77511638.11,205989982.44,399274462.67,658758165.17,968517912.94,1354212432.61,1803835889.61,6362709230.11,6559659880.72,6592086616.00,7016961234.28,7125424964.33,9967535835.78,9554973033.61,14443546025.67,14987276578.83,15277165737.56,15513076854.83,20782078754.11,23096694640.00
27,13934887.06,77656502.11,205581003.78,400005444.44,658024113.50,972175650.22,1351036226.06,1800701280.39,6351258734.56,6537104471.06,6569598885.28,6971068129.56,7042505418.28,9973736988.56,9448986018.89,14378409178.94,14928937603.28,15216082574.94,15342711864.67,20711078209.89,22823784384.50
28,13932770.83,77647017.28,205977684.22,399368861.94,659616194.00,970408825.83,1353915385.17,1800380611.44,6332212923.11,6515754138.67,6506545892.17,6938129202.50,7042069526.78,9955937857.44,9436054967.94,14360687827.67,14875058854.94,15141487618.33,15640752873.89,20749569540.78,22901644504.39
29,13903407.06,77523394.56,205954538.33,399324280.89,658225215.11,968325438.39,1353935774.50,1800303920.89,6323860684.28,6485690098.56,6504390234.56,6897033011.72,7006712488.67,9943946410.39,9429546005.83,14337410714.94,14878219473.06,15132838527.17,15950518887.78,24012344854.83,22699357767.78
30,13934857.22,77530933.61,205546032.11,399451575.56,658225150.28,970566874.22,1351653496.17,1806888078.33,6313506210.00,6467372405.06,6481076255.28,6866063872.44,6966636572.50,10693530698.44,9528883544.39,14325825814.00,14868509894.61,15024758861.67,20092408112.94,24118354190.94,22746742219.50
31,13932319.72,77587842.94,205621961.28,399296248.11,659654599.61,968838903.00,1353910742.44,1800439390.22,6318736121.61,6486546312.22,6484774696.72,6861318499.22,6923498206.67,9918563436.94,9496398357.56,14328726182.89,14809138372.94,14998666844.06,16185317490.67,23978808367.22,22664486565.72
32,13924349.11,77679723.83,205543844.89,400052118.11,659437181.39,968265631.44,1354069512.28,1800803126.50,6323762643.39,6506782125.17,6502664456.06,6889321396.72,6985493631.56,9938105954.06,9439649004.50,14340271844.28,14837516399.33,15038923614.39,16097428151.44,24106721188.17,22916779174.00
33,13904567.94,77676006.72,205907079.67,400115449.44,658065042.56,968253012.11,1354270990.50,1800404763.83,6345436759.33,6535427402.72,6542211527.11,6869207918.94,6981283784.72,9982607469.56,9488353780.11,14383469464.33,14909611065.83,15158498512.67,16214564163.11,24082028988.94,23017785555.89
34,13914376.17,77528563.11,205614759.39,399201000.17,659276720.11,968213551.94,1351442550.28,1804299400.00,6367438682.50,6565347251.61,6580949337.11,7002403392.17,7051537612.78,10047159534.11,9586026961.89,14498768845.83,15026917066.06,15369633621.00,16041622668.11,24108689896.00,22930356143.22
35,13912843.56,77526082.17,205946960.06,399202498.67,658194203.94,968502740.50,1351217155.22,1800090583.56,6386652835.61,6591337051.06,6635736555.33,7058409682.89,7180118634.11,10103198877.11,9673143220.44,14596218423.89,15146238193.06,15429189030.28,16052533992.33,20974468358.33,23111051902.89
36,13921600.67,77555139.72,205998073.39,400077795.72,658164396.28,970270236.50,1354052532.89,1803777949.67,6399727273.44,6616043779.17,6683152975.11,7112393484.39,7234373312.56,10146551963.33,9762720807.17,14676704947.83,15237850472.33,15562463138.00,16118751273.06,21106345938.17,23525027780.72
37,13902427.83,77566615.50,205667462.56,400318236.28,658022201.22,968484493.28,1351842347.89,1800322718.17,6414698990.39,6626621968.50,6713246020.67,7146568975.72,7293693191.17,10198593359.33,9834688658.00,14746569281.44,15346303104.89,15675749705.50,16339983418.00,21210002478.61,23661554474.11
38,14198038.06,77680867.94,205588146.94,400099647.28,658208915.22,970590905.61,1353761085.11,1803885607.06,6428630132.67,6651382938.17,6735909793.61,7202355555.61,7329904957.28,10252325851.50,9885097220.17,14809535042.44,15415127730.61,15853331340.06,16379899409.67,21329587943.17,23577461611.83
39,13961249.56,77522644.22,205996025.39,400088929.11,658188296.94,970446326.50,1351256847.72,1803842271.94,6434400333.78,6669296785.28,6768424237.83,7220768027.94,7377095843.94,10296438158.78,9940119008.78,14888006432.44,15473347963.00,15880710991.39,16546279625.28,24580751800.06,23987278425.67
40,13911340.67,77530144.33,205556946.06,399350630.94,658166471.22,968313986.22,1354329094.94,1803905733.89,6448185665.50,6675841502.00,6736692625.67,7181263337.78,7414110822.11,10329902398.50,9969233388.33,14954627355.67,15545306739.83,15961938840.94,16803038113.39,24833564817.61,24138885922.67
