#cores,1000,3000,5000,7000,9000,11000,13000,15000,17000,19000,21000,23000,25000,27000,29000,31000,33000,35000,37000,39000,41000
4,1.70375787250786,6.26544829200166,6.26941691157486,6.56395722000692,7.15801535928348,7.56134883465597,7.54480534704537,7.53111072235592,2.88285662056984,2.91392693134726,2.76567851714983,2.89740910476917,2.77692697713758,2.56260863406386,2.69087659135228,2.67383335142758,2.47855946198119,2.76449975142581,2.63272018946949,2.9087386632692,2.8435658810901
5,1.70408453709428,6.26407335088687,6.26613469255882,6.56176720488584,7.17187075538504,7.57664715011361,7.531184322861,7.52995506336552,2.88030729534643,3.66712896425569,3.59796390948582,3.21962903000427,3.1849674143227,3.60266413493273,3.43394674592401,3.38361621333212,3.36101900439831,3.73047909727586,3.64129589646962,3.56402536115293,3.61544141265107
6,1.7016936511555,6.25354780056995,6.28186293805699,6.57617515624399,7.15868430516431,7.5676316187941,7.54484054573079,7.5452231604717,2.88065527228528,3.66764480564692,4.63746536609653,4.02264938518486,4.31654022069676,4.04688176764873,3.77672132662194,4.39161488116073,3.68934677247912,4.27928000749604,4.46599245996126,4.10999244447496,4.5800476922268
7,1.71467509572985,6.26385742838401,6.27010946722274,6.57560748690489,7.15857160735992,7.5743015834277,7.53044494640757,7.5295002895754,2.88040191036699,3.66724186462366,4.65130747370184,5.29514205432996,4.79742192041777,4.04435395043605,3.77870945563428,4.39226818683292,4.9015449866587,4.74693392050111,4.46299149150763,4.10873473779778,4.6425086624208
8,1.69895663898448,6.26550749279255,6.27024608758142,6.57552488313298,7.15920705250032,7.57669476957369,7.53023139967699,7.52938224412694,2.87968312346769,3.66422484877133,4.64908879329328,5.47646043328209,4.79457790102459,4.04096587392717,3.77604383592093,4.38789143892723,4.9024342395448,5.13274768093189,4.46060486778069,4.10654152391206,4.64263274420006
9,1.70322762191585,6.26620834288421,6.28140028888872,6.57739739735481,7.15483841507634,7.57506399567307,7.54373620932316,7.54676322849416,2.87956698923011,3.66327686815432,4.64753276598765,5.46872403398746,4.79156794221435,4.03772315522113,3.77107048778259,4.38503230115927,4.89712511556459,5.3630339771972,4.45883023037413,4.10320944909937,4.63618827281339
10,1.70399228877583,6.26775567820797,6.28006923953301,6.57746545172381,7.17218996753143,7.57666985934642,7.52860574981804,7.52954491622717,2.87817530451698,3.66016262418211,4.641825234018,5.45652092720391,4.78050494899462,4.03376897216965,3.76992797583769,4.38298437776239,4.88408180211021,5.28283476551336,4.45310709539316,4.09665884734896,4.63308797893138
11,1.68820870101629,6.24438318847056,6.27534454358542,6.57261973870926,7.17108462545266,7.57524685599245,7.5431248368112,7.53094495830766,2.87695042918951,3.65856268512211,4.64413156887366,5.45633618167421,4.77436907966828,4.02779536706411,3.76448267061761,4.37945500430365,4.88922361307318,5.23419288719659,4.44955240753515,4.09533356219344,4.62372826840283
12,1.67180266124132,6.23159693325153,6.26756807752603,6.56814899097143,7.14809743901029,7.55378727836648,7.53808237900887,7.52377915943437,2.86542784317624,3.64376432004368,4.62304595877341,5.44806741870946,4.74031481865085,4.0108222214496,3.7465313121789,4.35867273843916,4.86647435277943,5.05031013276137,4.42427259636331,4.08209113136902,4.61379218391677
13,1.665105033049,6.23439207157445,6.25352411948627,6.56747603459982,7.16395262024188,7.55232566721299,7.52233009213237,7.5237736225115,2.86645332419532,3.64290105921591,4.60642405318882,3.97910039633164,4.34683433429694,4.00568277043668,3.75041240647462,4.25925545813637,3.66668292917334,3.34329278965884,3.71097489773453,4.08748795866182,3.7645220849735
14,1.67142838905383,6.22280744261288,6.26862225094548,6.56473066742194,7.16396063713926,7.55402396880714,7.52289837405783,7.54045270453766,2.86559372060322,3.64241280508452,4.62208290679082,3.99073683649263,4.66906541548491,4.01081171179593,3.75143583636206,4.36247224955256,3.67458317598628,4.22038082463896,4.30611818706962,4.08129736783634,4.38243645094437
15,1.66967578139092,6.19502359876312,6.26759802805734,6.56728100727407,7.16213974844804,7.55319062310725,7.53644430786296,7.53939181956792,2.86438145484075,3.64541380244608,4.62527551155073,4.98618078917042,4.7503201254543,4.0108834809672,3.75109917310297,4.35866005240104,4.62992304060015,4.53063767005598,4.42758116532903,4.07896947024893,4.53618498639005
16,1.67221053649473,6.2175502454916,6.26784918215091,6.55168049601044,7.16575545177463,7.55452276879614,7.52362751553473,7.52284599589175,2.864376302967,3.64413310100229,4.6211543892074,5.20684289689822,4.74519252331451,4.0141858174337,3.7476522677433,4.36238354326312,4.83122755152034,4.72420410660197,4.42953013725478,4.07851379144074,4.6063786140615
17,1.66740952867807,6.21165702146473,6.25546668950972,6.55395822539202,7.16501234308472,7.55258501143702,7.53642330888917,7.52635907973185,2.86581023940471,3.64533093886658,4.61889612443347,5.2806463744828,4.74204455588318,4.0101658324542,3.75286895902528,4.36454151631077,4.83242935254364,4.71982687955846,4.43174044906248,4.07825767453991,4.61218423974719
18,1.67116602334086,6.22145060957025,6.26622915614344,6.5527955616896,7.15071294897096,7.56693317106525,7.53583851548021,7.53934638249,2.86316639084394,3.64381544685995,4.62316750335225,5.3703472571954,4.74430628288856,4.01034648039708,3.75301130865635,4.3638340874173,4.7469587093267,4.69267075051611,4.43168928119943,4.08166170742673,4.61458302984281
19,1.67035528342818,6.22311123741781,6.26697078531933,6.56697906724336,7.14847026043375,7.56819787593621,7.53871320314449,7.54183750262112,2.86229607314856,3.64246422977816,4.62200870632325,5.20137545343663,4.74756198681777,4.01152931598724,3.75009448512678,4.35782459261107,4.59610538866121,4.54854888505,4.42738607201197,4.07611265256745,4.39179108468785
20,1.65647379738103,6.23249589349912,6.26750966625374,6.55238255677117,7.14784026094556,7.5679421473616,7.52344727866666,7.52578129910987,2.86464968708418,3.63754624457402,4.62293927193025,5.13657702073928,4.75187136762066,4.01214751180733,3.74779444435725,4.35925731467476,4.49070736948759,4.35756938571279,4.39696729001564,4.08232579018741,4.3545789019051
21,1.70335321174502,6.26368600907795,6.27146612587424,6.57690481048233,7.15928378482985,7.57538304827495,7.52911715642756,7.5431580338142,2.70212850589379,3.34066125858201,4.14388922886187,4.67474855611708,5.25633956669157,5.86889446918245,5.18536128677243,3.91976776481269,4.30283208324638,4.7296778995875,5.1311116621181,5.62923950144363,5.8295621875178
22,1.67849458967898,6.23570453993806,6.26157994228314,6.55736211302722,7.14893476099936,7.56947443393951,7.54016421436705,7.54130935576208,2.70031007750095,3.33833335490529,4.14695133582469,4.70613300443067,5.29515188474885,5.83946811538942,5.19208565415435,3.92197097030563,4.3052470051751,4.74183779029602,5.14085637569788,5.57515429231192,4.3406450991899
23,1.67891586109121,6.2325330732118,6.272106865816,6.57040180870049,7.16766111533141,7.56938340082289,7.52265508726266,7.52640389100455,2.70540817203724,3.34891201607288,4.16886520037606,4.69954907632701,5.2587191781472,4.02154189940775,5.01346806996027,3.90626393599161,4.28655136810407,4.74471750428996,4.88365964714586,3.70249727792253,4.37668850863338
24,1.67999481572688,6.2334688573738,6.27411373492223,6.55415875123735,7.15183347747813,7.55458552228221,7.52424707972394,7.52410365523496,2.71254224336292,3.36138986678625,4.209461988568,4.7146232460973,5.39317797005208,4.34626499732354,5.21569180187675,3.93757394986791,4.31784743619165,4.76955704586436,5.02587013292658,4.31218863826104,4.38099223042007
25,1.6791398360382,6.24804311160566,6.27252516881446,6.56659731389848,7.16580286832115,7.57037994798173,7.54098935015944,7.52531200335212,2.71889738771817,3.36976849004928,4.20485810459985,4.75587538111217,5.43339188230237,4.40362572302797,5.25645703552584,3.96662761215694,4.36230181918375,4.80868996010632,5.17356141849802,4.3447718889883,4.41237880720245
26,1.67933580715579,6.24745859780153,6.26037383403158,6.57002408648436,7.15938998837745,7.56908363525967,7.52333235792563,7.52641195980157,2.72527620607303,3.38037338332794,4.22181251912877,4.77370245953155,5.45656498458207,4.44345174085086,5.30173250593997,3.99440913379883,4.39093741885341,4.84916329422907,5.2741490251069,4.39490140553706,4.43735003430603
27,1.67635167615058,6.23580430205395,6.27282809417558,6.55801783031351,7.16737656830565,7.54060553114148,7.54101926894412,7.53951372219805,2.73018952552266,3.39203691215821,4.23626377935612,4.80512949808658,5.52081142312075,4.44068903283609,5.36120077057971,4.01250454423591,4.40809622797482,4.86862968635816,5.33271301005885,4.40996775739109,4.49040864681325
28,1.67660629497342,6.23656602537302,6.26074761944908,6.56847112245348,7.15007705295968,7.5543347197197,7.52498296817918,7.5408565982174,2.73840129533477,3.40315168322115,4.27731614651353,4.82794196026937,5.52115315146684,4.44862805450239,5.36854769263062,4.01745604818573,4.42406273336089,4.89261512486715,5.2310959600221,4.40178708030136,4.47514233021625
29,1.68014726025004,6.24651116851197,6.26145122412268,6.56920443458487,7.16518678442276,7.57058814594259,7.52486964717542,7.54117782866815,2.74201803877251,3.41892679537575,4.27873371661143,4.856709406146,5.54901380975747,4.45399267389585,5.37225345677828,4.02397847954943,4.42312291842777,4.89541147230387,5.12950580140641,3.80367630394281,4.51502283904411
30,1.67635526587764,6.24590376243762,6.27389535522569,6.56711100258503,7.1651874901373,7.55310456188959,7.53757545304985,7.513698372302,2.74651508911401,3.42861030348604,4.29412534375553,4.87861542287345,5.58093478194423,4.14178120496266,5.31624831909024,4.02723256016409,4.42601134902874,4.93062630931275,4.07209920833815,3.78695770048563,4.50561745344353
31,1.67666058125746,6.24132250092942,6.27157861987299,6.56966562865709,7.14966076984587,7.56657589057404,7.52500877229098,7.54061041256216,2.74424184476971,3.41847550254844,4.29167628856662,4.88198953398359,5.61570801349717,4.46539105618244,5.33443408946105,4.02641738232614,4.44375573240223,4.93920373754877,5.05509263055692,3.80899608219393,4.52196957808756
32,1.67762033941133,6.2339401592077,6.27396211659919,6.5572527131045,7.15201803231461,7.57105575913882,7.52412643617165,7.53908731792731,2.74206054983816,3.40784419055535,4.27986927369042,4.86214580124943,5.565869272999,4.45661020985555,5.36650368054159,4.02317562706404,4.43525666732619,4.92598228662756,5.08269261403667,3.78878514475213,4.47218686251674
33,1.68000698625088,6.23423847837064,6.26289439977856,6.55621481382806,7.16693078564492,7.57115443340049,7.52300705340997,7.54075543779328,2.73269449033338,3.39290734914159,4.25399785489725,4.87638247346704,5.56922559798067,4.4367430650303,5.33895682008209,4.01109289469107,4.41381020914153,4.88712462335964,5.04597461561477,3.79266992695536,4.45256206355326
34,1.67882275098791,6.2460947361159,6.27179828902262,6.57123312752947,7.15375876110579,7.57146300069996,7.5387519888649,7.52447848349337,2.72325199120282,3.37744506340199,4.2289573094984,4.7836268815898,5.51373990974173,4.40823740392745,5.28455754684026,3.97919525325581,4.37935427788613,4.81998941296884,5.10037424910642,3.78847575378096,4.46953889913583
35,1.67900768662133,6.24629461963691,6.26168162795071,6.57120846086812,7.16552437600914,7.56920221155533,7.54000951986226,7.54207156965969,2.71505912679279,3.36412771683463,4.19404139548846,4.74567028656872,5.41500027254763,4.38378626415391,5.23696485942919,3.95262872162503,4.34485399594754,4.80138464756923,5.09690739227858,4.35458890142244,4.4345934223939
36,1.6779515397492,6.24395432318615,6.26012794643254,6.55683185851162,7.16584889601589,7.55541374919831,7.52422078633463,7.52665371897012,2.7095123479628,3.35156483309302,4.16428501730531,4.70965015870363,5.37439010689809,4.36505569789191,5.18891322677849,3.93095264737268,4.31873207157331,4.7602664615179,5.07596883804868,4.32738037147605,4.35655675769932
37,1.68026560293246,6.24303054630507,6.27019111379268,6.55289367088735,7.16739739743701,7.56934482292282,7.53652245741677,7.54109909076758,2.70318842660546,3.34621467315863,4.14561803886228,4.68712821723592,5.33067999181812,4.34278168576766,5.15094202646288,3.91232910301332,4.28821150520093,4.72586464610606,5.00724370871635,4.30623179881899,4.33141951283465
38,1.64528163548253,6.23384834363631,6.2726101447685,6.55647375520976,7.16536422315644,7.5529175504511,7.52584065668586,7.52620452203011,2.69733049080833,3.33375778700403,4.13166961187802,4.65082358735107,5.30434495225131,4.32002114476394,5.12467505350431,3.89569503728825,4.2690657311917,4.67292771123963,4.99504161313762,4.28208868215228,4.34686822697387
39,1.67318628462365,6.24657162835873,6.26019018424519,6.55664939966077,7.16558868397798,7.55404279980032,7.53978803582066,7.52638532995394,2.69491159571559,3.32480325563125,4.11182172167338,4.63896430032198,5.27041334193437,4.30151318140271,5.0963083118949,3.87516169012862,4.25300288561022,4.66487119969594,4.9448142436385,3.71571983921977,4.27260304126384
40,1.67918907559899,6.24596734760135,6.27356224568342,6.56877098374768,7.16582630491294,7.57067768266692,7.52268429573342,7.52612054943879,2.68915024636398,3.3215437571169,4.13118949446534,4.66448360503587,5.24410078207665,4.28757821254162,5.08142493533858,3.85789834793213,4.23331585783875,4.64113238827993,4.86925510840273,3.67789271484907,4.24576838721908
