#cores,1000,3000,5000,7000,9000,11000,13000,15000,17000,19000,21000,23000,25000,27000,29000,31000,33000,35000
4,13717321.17,77321221.44,205709916.39,398913529.22,657479875.00,967770159.28,1350241108.00,1799260687.56,6017557092.33,7609524017.61,10334644929.00,11494230554.28,14009369047.94,16769054680.06,18114130545.72,21558184971.78,24594248989.61,28489081575.33
5,13714855.28,77604097.33,205683060.17,399177135.17,659941689.44,967717768.61,1351427615.11,1802773152.89,6017320947.89,6050129810.33,7731375390.11,10408436169.44,12213470411.33,12296906734.17,14751333972.72,16141687191.56,19568999996.50,20053683027.39
6,13734859.17,77427917.50,205682689.78,399698271.89,658821453.00,967667790.28,1353486633.61,1799397843.61,6019071313.44,6049211778.44,5981164573.67,8325643950.89,8901510076.06,10943539805.67,13403936027.61,13136263652.44,17829336070.61,23945874861.94
7,13702275.56,77278489.44,205697510.50,398906633.50,657526282.83,969566610.72,1350863302.67,1802732307.39,6015641612.00,6046590574.89,5987095197.61,6302240453.72,8097375495.50,10954280107.28,13405964587.44,13133608576.39,13419561764.67,14735875531.89
8,13746036.78,77301465.39,205284008.50,398920872.83,657692659.67,967761619.11,1350799585.33,1799186961.78,6018834755.78,6047585856.89,5985412399.78,6114728303.67,8110087223.06,10951039436.67,13410553746.78,13149065470.61,13428349985.67,14305750024.39
9,13739763.61,77392448.44,205689996.28,399711838.83,658801582.83,967469723.89,1350640013.89,1802729139.61,6021368110.22,6054191441.67,5987739633.67,6126834260.50,8114108215.67,10972616350.61,13430860900.28,13148036486.72,13434530131.89,14123838591.94
10,13730356.50,77417395.94,205313182.56,399664959.50,659189046.67,969631183.22,1350487293.83,1799482159.39,6028831975.78,6056752827.44,5993986570.39,6135303907.78,8121325749.72,10985308100.89,13438951905.22,13165612013.83,13456403452.50,14091653524.11
11,13683365.72,77203500.61,206135161.17,399293751.44,659864422.56,970945885.56,1355005129.44,1805880362.33,6075664084.56,6120952546.17,6029207190.78,6216004163.06,7874228711.83,9935297866.33,8894716606.06,13275202314.39,13582207110.61,13590576478.44
12,13667210.28,77195165.78,205808770.00,399369053.17,658320856.17,969317147.44,1352475935.00,1805802841.06,6102160248.83,6167661043.11,6057400075.67,6299501387.56,6464913389.50,9989234311.83,8766150793.11,13419076432.44,13755336432.61,13722722635.11
13,13674972.78,77385594.00,205800410.83,399336141.00,659670181.56,970888082.11,1354840695.67,1805187489.39,6151940882.44,6239563578.56,6125872971.61,6444164908.06,6500107226.39,9364165314.44,8790025234.83,13601992938.72,13958837746.67,13996526574.00
14,13583080.22,77314081.94,205170219.28,399462871.44,658653407.72,969446870.28,1350135337.56,1798954742.67,6179005726.22,6299264981.67,6233398476.17,6511628081.00,6531355784.11,9457453430.56,8846147333.11,13750614774.17,14142710246.39,14245091572.44
15,13575727.67,77113714.28,205112545.06,398757295.50,657503175.78,967500360.33,1353112730.83,1802754087.22,6243202984.22,6381718719.33,6320551790.28,6723314341.89,6747622196.22,9610900477.11,9057120289.11,13955579066.83,14397926600.78,14571536837.83
16,13675560.17,77275783.83,205549055.33,398817893.72,657516238.61,967478574.50,1352769355.06,1802577475.67,6292324442.06,6465928537.44,6480146228.11,6866472434.06,6968949546.94,7240479271.33,9256292321.33,14165556726.50,14643761113.50,14878732872.33
17,13735933.56,77278511.89,205105037.61,399465667.56,658712861.28,969442675.00,1352829806.17,1799441291.56,6335671949.89,6524371356.56,6557337613.72,6981012118.06,7122607230.06,7220734953.50,9409112291.22,14361964322.83,14874213978.50,15129579011.06
18,13694047.56,77170781.83,205495014.94,398688002.22,658831772.83,967338552.39,1350554170.22,1798989268.89,6369953515.28,6572895851.72,6633502693.67,7008545400.17,7248949797.56,7336718199.11,9579646251.56,14514399211.28,15049025572.39,15351238862.17
19,13704153.78,77127693.50,205551337.44,399454476.33,657530678.94,967472614.39,1350289982.00,1799076816.78,6387676043.61,6619963661.00,6652634977.28,7121256738.39,7334611406.72,7489794939.61,9677871020.50,14626444333.17,15185789643.28,15562880619.72
20,13687216.50,77115635.17,205128560.00,399581007.11,658643302.11,969537213.67,1353217622.61,1802943400.44,6413028625.00,6646362475.22,6730398138.94,7185868724.28,7420015069.11,7596203364.94,9801208680.28,14747121119.33,15301987274.44,15688387631.17
21,13832972.61,77395919.89,205718563.39,399693142.39,658816143.33,967451939.61,1350905235.56,1798959367.33,6416936929.28,6625199355.78,6694643821.50,7163198309.72,7390839265.28,7538866242.44,9783536702.83,14707353777.89,15298378368.06,15648822045.67
22,14068873.89,77738764.39,205648589.39,400125453.50,658195452.17,969320084.72,1352500005.94,1800750727.67,6421321108.11,6631407754.06,6711741841.83,7158355067.33,7388496555.44,7575457445.44,9770422662.00,14704196795.06,15293283530.28,15619856104.28
23,13909567.22,77669098.28,205603640.00,400078653.44,659387041.83,970325984.28,1351313482.06,1800295203.72,6407926283.06,6617466948.06,6672003889.44,7132697302.44,7551316369.06,11013441130.22,10112749545.44,14766135872.83,15357989757.72,15630955616.89
24,14017062.44,77645424.39,206030183.11,399405807.78,658328963.22,968320248.83,1353879147.72,1800476672.89,6389045590.00,6601132607.33,6641908059.17,7024196100.89,7214859355.61,10194345048.28,9746369964.78,14652176832.78,15225369187.67,15523260526.11
25,13952418.11,77671753.44,206017377.39,399309765.67,659364646.78,968647782.28,1351384560.33,1799981440.78,6377561656.22,6578688582.28,6613968398.67,7049982196.89,7163734146.06,10108971901.00,9635142703.61,14551058410.22,15092918344.89,15420155217.33
26,13923836.61,78122213.61,206025714.44,400170348.72,659363579.39,970265080.94,1351254990.89,1803974283.89,6360920760.61,6555651211.56,6591198978.56,7015297299.94,7132583466.72,10038199889.33,9541975280.56,14424601007.28,15004407361.44,15284106150.83
27,13901625.83,77535018.94,205545662.78,399332686.61,658244090.22,968137884.06,1351465390.28,1803905528.39,6344863797.11,6519257018.22,6531168602.67,6969321827.33,7088729539.17,9978186071.22,9487742299.67,14372235538.89,14916434116.06,15251593579.83
28,13933621.72,77519568.39,205974382.17,400223490.94,659660406.22,970519523.94,1351525570.28,1800332555.89,6331085856.67,6516160998.67,6534444613.06,6931637293.72,6990768654.33,9955437187.94,9451391268.78,14345730957.22,14877844813.56,15155841281.56
29,13894980.89,77591687.28,205526706.89,399391407.28,658208080.33,968536108.17,1353900125.22,1804114366.61,6323351961.50,6496003097.11,6506286305.61,6900485824.00,6997442856.72,9952067901.50,9428558873.61,14334942458.61,14859352669.83,15112807419.11
30,13917428.11,77752149.89,205651169.44,399259915.39,658199546.22,968951104.28,1353891793.56,1800354597.89,6311106023.17,6485715442.78,6482689712.22,6868460599.44,6972891628.39,10690907814.17,9592494176.78,14332308482.72,14843222522.00,15040393469.39
31,13907535.78,77667867.89,206043574.11,400680554.44,658162364.72,968372781.06,1354380546.61,1804389932.61,6314417285.11,6491897552.50,6484461751.44,6868571206.00,6968948900.67,9885736077.28,9491675765.56,14330907130.78,14812129946.33,14996023628.50
32,14005413.22,77503770.22,205997806.78,399193719.50,658068397.33,968425436.44,1354243571.83,1803718169.44,6324529407.50,6503061032.06,6499995511.56,6891309029.67,6983622195.89,9931251704.61,9382132474.39,14320427585.78,14837276407.39,15034388461.28
33,13995594.72,77668295.78,205964363.72,399327222.00,658060473.11,968464735.56,1351430765.78,1803960750.44,6345504738.50,6529177153.61,6540824571.17,6942436911.89,7037401416.17,9986542313.44,9489540651.44,14411007844.00,14912456035.06,15162804642.67
34,13962478.94,77680385.94,206017083.50,399311288.28,658049597.28,968380220.56,1351435203.78,1800122147.56,6369555985.50,6561156318.83,6588520616.78,6997392972.50,7111323422.44,10054324632.11,9579077162.44,14483703506.78,15030299578.17,15312513652.78
35,13887223.89,77513246.50,205630983.39,400073431.06,658119044.72,970195107.39,1354202276.61,1800251127.89,6391650457.56,6597465087.33,6641383396.17,7065400296.72,7187409637.33,10110217298.33,9683646471.56,14588367156.33,15135237904.61,15455036215.61
36,13956379.22,77572248.61,206013298.44,400088764.17,659524363.89,968547938.56,1351906563.56,1804018262.44,6403024545.39,6614079718.28,6674397614.67,7115378545.78,7241369044.11,10157553551.00,9699839505.94,14670906152.44,15255286696.44,15617499228.61
37,13900013.00,77529608.61,205775683.89,400017622.83,657993774.61,968600231.17,1353997588.89,1804338777.78,6416243232.17,6635009806.50,6715411194.22,7150056630.50,7295917197.28,10194370457.06,9788561726.94,14752540290.72,15340997320.72,15743602353.50
38,13923388.50,77573532.44,205649778.61,399316774.61,659467306.78,970275119.28,1354008599.89,1804225510.06,6428453225.67,6650031758.39,6737770642.83,7194194908.28,7292054428.94,10254999759.44,9906632386.83,14825542751.83,15424228061.78,15790779034.50
39,13985509.00,77662771.67,205556316.61,400254232.78,659372941.89,968535080.61,1351607573.61,1804135336.11,6434917471.83,6665251374.00,6766322971.28,7224915385.89,7373767548.17,10304524242.44,9933086613.11,14864387865.33,15489174967.72,15824195310.22
40,13975475.89,77686039.50,205557163.44,400176369.78,658185657.50,968227031.78,1354040984.44,1803610318.06,6447845570.94,6687037331.00,6784710503.39,7252036473.50,7419618031.33,10331407283.00,9927289402.83,14956348697.67,15552933701.67,16122017964.83
