#cores,StencilSEQ,StencilCUDA,StencilCudaCpu,StencilCudaHybrid3
4,1,0.574602610983093,0.51528602159355,1.05841082271424
5,1,0.574602610983093,0.668845724138499,1.32115778084515
6,1,0.574602610983093,0.835971977893324,1.34569678102274
7,1,0.574602610983093,0.974934019648367,1.34857703942343
8,1,0.574602610983093,1.13702756476078,1.34605122646672
9,1,0.574602610983093,1.26581406267345,1.34242349174471
10,1,0.574602610983093,1.41551138060138,1.3371816253369
11,1,0.574602610983093,1.50700102605507,1.33190774225984
12,1,0.574602610983093,1.5555772522279,1.33087195149571
