#cores,StencilSEQ,StencilCUDA,StencilCudaCpu,StencilCudaHybrid3
4,1,0.580738447450855,0.519738389966732,1.00476521994794
5,1,0.580738447450855,0.673935011625856,1.25567424586962
6,1,0.580738447450855,0.84168523087993,1.43260692991376
7,1,0.580738447450855,0.981920787214681,1.8053368551306
8,1,0.580738447450855,1.14407665628238,1.99967884128822
9,1,0.580738447450855,1.26237477160029,2.05565422670384
10,1,0.580738447450855,1.36813768463024,2.02375032404681
11,1,0.580738447450855,1.3763716750555,1.97342197300903
12,1,0.580738447450855,1.30807879527796,1.59102623134186
